moment,node,user,system,iowait,softirq,idle
1,3,0.212314225053079,0.0374672161858374,0.0124890720619458,0,99.7377294866991
1,2,0.224859462835728,0.0249843847595253,0.0124921923797626,0,99.737663960025
1,5,0.099862688802896,0.049931344401448,0,0,99.8502059667957
1,4,0.174803346235485,0.0499438132101386,0,0,99.7752528405544
1,1,0.224831376467649,0.0374718960779415,0.0124906320259805,0,99.7252060954284
1,6,0.212287712287712,0.04995004995005,0,0,99.7377622377622
1,7,0.199850112415688,0.0749437921558831,0.024981264051961,0,99.7002248313765
2,2,5.62640660165041,1.10027506876719,0,0.0375093773443361,93.2358089522381
2,3,0.23735165521549,0.262336039975016,0,0.0249843847595253,99.47532792005
2,5,0.0499562882477832,0.0499562882477832,0,0,99.9000874235044
2,4,0.0999500249875062,0.124937531234383,0,0.0124937531234383,99.7626186906547
2,1,0.0874235044336206,0.0249781441238916,0,0,99.8875983514425
2,6,0.112429731417864,0.0124921923797626,0,0,99.8750780762024
2,7,0.112443778110945,0.0374812593703148,0,0,99.8500749625187
3,3,8.54893138357705,1.29983752030996,0.387451568553931,0.0124984376952881,89.7512810898638
3,2,12.0596715557227,1.02795537169362,0.388617274664661,0.0376081233546446,86.4861476745644
3,5,8.21678321678322,1.1988011988012,0,0.024975024975025,90.5594405594406
3,4,8.32291927018245,1.31217195701075,0.0124968757810547,0.0374906273431642,90.3149212696826
3,1,8.02554150494554,1.25203455615375,0.025040691123075,0.0375610366846125,90.659822211093
3,6,8.58465773995745,1.23889375547491,0,0.0500563133525216,90.1263921912151
3,7,15.3403403403403,2.23973973973974,0,0.0375375375375375,82.3823823823824
4,3,14.0942119769481,2.07967927837635,0,0.125281884239539,83.700826860436
4,5,8.98286000250219,0.850744401351182,0.125109470786939,0.0125109470786939,90.028775178281
4,2,8.56070087609512,0.851063829787234,0.387984981226533,0.0250312891113892,90.1752190237797
4,1,8.53460142660493,0.901013640345389,0.100112626705043,0,90.4642723063446
4,4,8.22570532915361,0.689655172413793,0.0125391849529781,0.0125391849529781,91.0595611285267
4,6,9.28053959530352,0.861853609792655,0.112415688233825,0,89.74519110667
4,7,11.6020025031289,1.52690863579474,0.0375469336670839,0.0250312891113892,86.8085106382979
5,3,46.2061155152888,3.25909148106204,0.0251667295834906,1.11991946646533,49.3897068076004
5,5,50.997866198067,2.43504455880507,0.0251035521526296,0.677795908120999,45.8641897828543
5,2,48.2131661442006,3.66144200626959,0.0125391849529781,0.501567398119122,47.6112852664577
5,1,45.7099849473156,2.91018564977421,0.0125439036628199,0.439036628198695,50.9282488710487
5,4,49.8060803202802,2.76491930439134,0.0125109470786939,0.638058301013387,46.7784311272363
5,6,49.7479838709677,3.26360887096774,0.113407258064516,0.529233870967742,46.3331653225806
5,7,69.5296780684105,5.00503018108652,0,1.1192152917505,24.3460764587525
6,3,51.6177577125658,3.02232254828192,0.0125407574617507,1.01580135440181,44.3315776272887
6,5,51.3337507827176,2.2041327489042,0.0125234815278647,0.726361928616155,45.7232310582342
6,2,52.3606762680025,1.97871008140263,0.0125234815278647,0.751408891671885,44.8841577958673
6,1,52.1553349252231,2.23702400402162,0.0251351011687822,0.578107326881991,45.0043986427045
6,4,52.4814675210454,1.87209448423169,0,0.741299158185702,44.9051388365373
6,6,51.8188660311089,2.58404415454089,0.0125439036628199,0.852985449071751,44.7315604616157
6,7,86.2081924088688,1.20255543028936,0,0.663910810472254,11.9253413503695
7,3,29.0686029043565,0.901352028042063,0,0.350525788683025,69.6795192789184
7,5,34.9099099099099,1.06356356356356,0.0500500500500501,0.475475475475475,63.501001001001
7,2,28.406957827556,1.21386559879865,0.0125140783381304,0.412964585158303,69.9536979101489
7,4,32.7616424636955,1.69003505257887,0,0.312969454181272,65.2353530295443
7,1,21.6449674511768,0.788683024536805,0.0125187781672509,0.187781672508763,77.3660490736104
7,6,51.4328619697159,1.25140783381304,0,0.275309723438869,47.0404204730322
7,7,32.1155053358443,2.56120527306968,0,0.539861895794099,64.7834274952919
8,3,45.4192740926158,2.1026282853567,0.0125156445556946,0.400500625782228,52.0650813516896
8,2,51.8406835029526,2.76416635255685,0,0.188465887674331,45.2066842568162
8,5,55.8669001751313,1.36352264198149,0,0.175131348511384,42.5944458343758
8,1,51.265664160401,2.10526315789474,0,0.18796992481203,46.4285714285714
8,4,55.5041280960721,1.28846634976232,0,0.187640730547911,43.0197648236177
8,6,55.2466816929627,2.541948409717,0.0125219133483596,0.425745053844227,41.7731029301277
8,7,61.1236236236236,1.88938938938939,0,0.225225225225225,36.7617617617618
9,3,96.3138822941397,2.36161439460202,0,0.0749718855429214,1.24953142571536
9,5,68.4177611006879,2.5515947467167,0,0.287679799874922,28.7429643527204
9,2,88.8055034396498,1.67604752970607,0,0.0125078173858662,9.50594121325829
9,1,97.575,1.5875,0,0.0375,0.8
9,4,79.732265732516,2.66483172776179,0.0125109470786939,0.250218941573877,17.3401726510697
9,6,84.375,1.0875,0,0.025,14.5125
9,7,94.2656817328158,4.41968198322274,0,0.187805183423062,1.12683110053837
10,3,70.0274862568716,0.449775112443778,0.36231884057971,0.0374812593703148,29.1229385307346
10,5,97.4522292993631,1.68602472836268,0,0.0499562882477832,0.811789684026477
10,4,97.5518361229078,1.69872595553335,0,0.024981264051961,0.72445665750687
10,2,26.2092238470191,0.699912510936133,0.0249968753905762,0.0499937507811524,73.015873015873
10,1,19.6700824793802,0.162459385153712,0,0.0124968757810547,80.1549612596851
10,6,32.6990485728593,0.888833249874812,0,0.150225338007011,66.2618928392589
10,7,89.4375,0.725,0,0.05,9.7875
11,3,27.3057189338005,1.36403453885621,0.100112626705043,0.0750844700287824,71.1550494306094
11,1,57.4074074074074,2.66516516516517,0.0125125125125125,0.187687687687688,39.7272272272272
11,5,87.4015748031496,1.21234845644294,0,0.0124984376952881,11.3735783027122
11,2,74.3769567939887,4.07013149655604,0,0.187852222917971,21.3525360050094
11,4,44.8495442627045,0.412036458983643,0,0,54.7384192783119
11,6,72.1666249687266,3.49011758819114,0,0.137603202401801,24.2056542406805
11,7,45.9098288997127,0.986636692893718,0.0874235044336206,0.0874235044336206,52.9286873985263
12,3,44.8125,1.4625,0.0125,0.0875,53.625
12,1,70.082479380155,2.42439390152462,0,0.162459385153712,27.3306673331667
12,2,96.1855927963982,1.95097548774387,0,0.0750375187593797,1.78839419709855
12,5,12.5921299188007,0.0249843847595253,0.0124921923797626,0,87.37039350406
12,4,14.5159275452842,0.0624609618988132,0.0124921923797626,0,85.4091193004372
12,6,96.7350512884664,2.45183887915937,0,0.062546910182637,0.750562922191644
12,7,91.2603150787697,2.82570642660665,0,0.325081270317579,5.58889722430608
13,3,82.9808534601427,1.88962582905769,0,0.150168940057565,14.9793517707421
13,1,94.9924887330996,3.01702553830746,0,0.112669003505258,1.87781672508763
13,2,88.2308845577211,0.324837581209395,0,0.0124937531234383,11.431784107946
13,5,48.2297009883648,1.52633554360065,0,0.175153259101714,50.0688102089328
13,4,63.5545556805399,1.17485314335708,0,0.312460942382202,34.9581302337208
13,6,98.3143963041578,0.412036458983643,0,0,1.27356723685853
13,7,98.1139145640769,1.74868848363727,0,0.112415688233825,0.024981264051961
14,3,65.7664416104026,0.737684421105276,0.0250062515628907,0.225056264066017,33.2333083270818
14,1,92.898224556139,0.35008752188047,0.0125031257814454,0.0875218804701175,6.65166291572893
14,5,69.1365737848307,2.84893165063101,0.0124953142571536,0.224915656628764,27.7770835936524
14,2,25.4745254745255,0.24975024975025,0.0124875124875125,0,74.2632367632368
14,6,48.3822610868207,0.399750156152405,0,0.0249843847595253,51.1930043722673
14,4,74.5645909033956,3.88422503445683,0.0125297581756672,0.288184438040346,21.2504698659316
14,7,97.6136931534233,1.98650674662669,0,0.0624687656171914,0.337331334332834
15,3,96.2407893093543,1.68602472836268,0,0.199825152991133,1.87336080929187
15,2,58.06975871984,0.662582822852857,0,0.125015626953369,41.1426428303538
15,1,56.5337001375516,0.425159434788046,0.0125046892584719,0.0500187570338877,42.978616981368
15,5,86.048256032004,4.78809851231404,0.0125015626953369,0.350043755469434,8.80110013751719
15,4,85.3429963763589,2.89891290765963,0,0.0624765712857678,11.6956141446957
15,6,12.5999000999001,0.04995004995005,0.124875124875125,0,87.2252747252747
15,7,95.0149925037481,1.88655672163918,0,0.112443778110945,2.98600699650175
16,3,98.8630684657671,0.812093953023488,0,0.0374812593703148,0.28735632183908
16,2,97.2131967008248,0.962259435141215,0,0.112471882029493,1.7120719820045
16,5,92.2047047047047,1.17617617617618,0.3003003003003,0.0500500500500501,6.26876876876877
16,1,82.5331332833208,0.262565641410353,0.200050012503126,0.0500125031257814,16.9542385596399
16,4,89.1513560804899,0.387451568553931,0,0.124984376952881,10.3362079740032
16,6,58.1011867582761,1.21174266083698,0.0624609618988132,0.249843847595253,40.3747657713929
16,7,74.5377311344328,1.0119940029985,0,0.137431284357821,24.3128435782109
17,3,65.6542932133483,0.387451568553931,2.54968128983877,0.0749906261717285,31.3335833020872
17,2,82.1888680425266,2.72670419011882,0,0.137585991244528,14.9468417761101
17,1,75.6760140210315,0.86379569354031,2.64146219328993,0.325488232348523,20.4932398597897
17,4,56.4978111319575,0.42526579111945,0.0125078173858662,0.112570356472795,42.9518449030644
17,5,66.6541729135432,0.28735632183908,0,0.0374812593703148,33.0209895052474
17,6,79.1086001255493,3.12617702448211,0.112994350282486,0.251098556183302,17.4011299435028
17,7,95.7141072097963,0.962139197800825,0,0.199925028114457,3.12382856428839
18,3,12.5780664501624,0.0499625281039221,0.0124906320259805,0,87.3594803897077
18,2,83.6290927268183,2.12446888277931,0,0.0749812546863284,14.1714571357161
18,4,86.4959400374766,0.262336039975016,0,0,13.2417239225484
18,5,46.4607303651826,0.650325162581291,0,0.187593796898449,52.7013506753377
18,1,85.432283858071,0.737131434282859,0.0999500249875062,0.0249875062468766,13.7056471764118
18,6,98.1247655956995,1.37517189648706,0,0.0375046880860107,0.462557819727466
18,7,82.6288144072036,1.62581290645323,1.11305652826413,0.325162581290645,14.3071535767884
19,3,25.7221458046768,0.450168813304989,0,0.0625234462923596,73.7651619357259
19,2,95.4278575890069,1.7738913179263,0,0.162398500936914,2.63585259212992
19,4,80.0650325162581,0.537768884442221,0.937968984492246,0.150075037518759,18.3091545772886
19,1,49.8187273409176,0.387548443555444,0,0.0375046880860107,49.7562195274409
19,5,79.9725309027344,0.287176925958297,0.249719066050693,0.112373579722812,19.3781995255338
19,6,98.7379732600275,0.749718855429214,0,0,0.512307884543296
19,7,98.8261738261738,0.961538461538462,0,0.0999000999000999,0.112387612387612
20,3,78.8625,1.3,0,0.225,19.6125
20,2,74.5879120879121,1.33616383616384,0.0124875124875125,0.14985014985015,23.9135864135864
20,4,63.4533633408352,0.525131282820705,0.675168792198049,0.0750187546886722,35.2713178294574
20,1,51.288144072036,0.83791895947974,0,0.0625312656328164,47.8114057028514
20,5,14.5286321580395,0.125031257814454,1.37534383595899,0,83.970992748187
20,7,98.051217988757,1.8738288569644,0,0.0499687695190506,0.0249843847595253
20,6,23.5786580032488,0.162439085342996,0,0.0374859427714607,76.2214169686368
21,3,93.5165521549032,1.76139912554653,0,0.0374765771392879,4.68457214241099
21,2,38.0207681721506,0.0750656824721631,0,0,61.9041661453772
21,4,65.0875,0.525,0,0.0375,34.35
21,5,81.3720580871307,0.663495242864296,0,0.300450676014021,17.663995993991
21,1,84.8832854824616,1.44800898764199,0,0.137311197103982,13.5313943327924
21,6,57.2679509632224,0.662997247935952,0,0.150112584438329,41.9189392044033
21,7,97.5640224859463,2.39850093691443,0,0,0.0374765771392879
22,3,49.4564538298138,0.837186055229289,0,0.137448456828689,49.5689116581282
22,2,40.8812882286856,0.736487329921358,0,0.149794033204344,58.2324304081887
22,4,84.1269841269841,1.19985001874766,0,0.32495938007749,14.3482064741907
22,5,82.1397325334333,1.06236720409949,0,0.149981252343457,16.6479190101237
22,1,78.4794297861698,0.312617231461798,0,0.0625234462923596,21.145429536076
22,6,93.8788257339163,0.762023735165522,0,0.174890693316677,5.1842598376015
22,7,99.8001998001998,0.162337662337662,0,0,0.0374625374625375
23,2,70.9657242932199,0.637978483862897,0.0250187640730548,0.225168876657493,28.1461095821866
23,3,72.0400500625782,1.51439299123905,0,0.275344180225282,26.1702127659574
23,4,62.2544726635806,1.36369323157763,1.15100713123983,0.175153259101714,35.0556737145002
23,5,83.1938023241285,1.03711108334375,0.0124953142571536,0.249906285143071,15.5066849931276
23,1,64.3571785892946,0.737868934467234,0,0.100050025012506,34.8049024512256
23,6,97.873138996622,0.613036406855999,0.0125109470786939,0.150131364944326,1.35118228449894
23,7,87.8359794974372,0.250031253906738,0.737592199024878,0.0125015626953369,11.1638954869359
24,2,98.3752030996125,0.899887514060742,0.0374953130858643,0.124984376952881,0.562429696287964
24,3,92.725,1.1125,0.175,0.075,5.9125
24,4,92.4268932766808,1.22469382654336,0,0.124968757810547,6.22344413896526
24,5,97.6892330751936,1.49887584311766,0,0.0999250562078441,0.711966025480889
24,1,80.6346826586707,1.08695652173913,0.0124937531234383,0.0999500249875062,18.1659170414793
24,6,86.2960649594004,0.312304809494066,0,0.0749531542785759,13.316677076827
24,7,39.2022008253095,0.850318869576091,0.150056271101663,0.137551581843191,59.6598724521696
25,2,57.4106473381655,0.587353161709573,0.0249937515621095,0.0499875031242189,41.9270182454386
25,3,64.4597126795753,0.537164272329794,0.0999375390381012,0.124921923797626,34.7782635852592
25,4,78.6026746656668,0.399950006249219,0.137482814648169,0.0874890638670166,20.7724034495688
25,1,79.4301424643839,1.54961259685079,0.0124968757810547,0.187453136715821,18.8202949262684
25,5,82.2008493629778,0.299775168623532,0.0124906320259805,0,17.4868848363727
25,6,55.3417468449331,0.162439085342996,0.662251655629139,0.0249906285143071,43.8085717855804
25,7,89.8637670291214,4.48693913260842,0.287464066991626,0.299962504686914,5.06186726659168
26,4,74.7212827257923,0.338218714768884,0.338218714768884,0.0626330953275711,24.5396467493424
26,2,87.3220084936298,0.137396952285786,0,0,12.5405945540844
26,3,59.4094094094094,0.825825825825826,4.004004004004,0.162662662662663,35.5980980980981
26,1,95.1524237881059,0.637181409295352,0,0.0374812593703148,4.17291354322839
26,5,12.5874125874126,0.0374625374625375,0.0124875124875125,0,87.3626373626374
26,6,34.1002876078529,0.450168813304989,0.0125046892584719,0.0875328248093035,65.3495060647743
26,7,72.4797001873829,15.3903810118676,0.0124921923797626,0.124921923797626,11.9925046845721
27,4,85.9015984015984,0.187312687312687,0.711788211788212,0.0374625374625375,13.1618381618382
27,2,90.1038408607532,0.250218941573877,0,0.0750656824721631,9.5708745152008
27,3,23.8220222472191,0.337457817772778,0.0249968753905762,0.0624921884764404,75.7530308711411
27,1,32.7780561122244,0.100200400801603,0.588677354709419,0.0250501002004008,66.5080160320641
27,5,45.0943632045994,0.562429696287964,0.174978127734033,0.224971878515186,53.9432570928634
27,6,50.1750437609402,0.962740685171293,0.0125031257814454,0.112528132033008,48.737184296074
27,7,99.55039340577,0.38716123392032,0,0.0499562882477832,0.0124890720619458
28,2,53.0265132566283,0.612806403201601,0.0500250125062531,0.0750375187593797,46.2356178089045
28,4,46.4625,0.3375,0.05,0.1125,53.0375
28,3,46.1105552776388,0.375187593796898,0,0.0750375187593797,53.4392196098049
28,1,44.8568928883889,0.374953130858643,0.0124984376952881,0.0999875015623047,54.6556680414948
28,5,65.4663665916479,1.10027506876719,0.0125031257814454,0.0875218804701175,33.3333333333333
28,6,1.2623422072241,0.162479690038745,1.6747906511686,0,96.9003874515685
28,7,64.4588852786803,0.249937515621095,0,0.0124968757810547,35.2786803299175
29,2,14.3178410794603,0.337331334332834,0.949525237381309,0.0124937531234383,84.3828085957021
29,4,14.316052467208,0.374765771392879,0.23735165521549,0,85.0718301061836
29,1,68.6585823227904,0.975121890236279,0.450056257032129,0.287535941992749,29.6287035879485
29,3,15.7487198701136,0.449606594230049,0.0124890720619458,0.0249781441238916,83.7642063194705
29,5,45.2238059514879,0.362590647661915,1.47536884221055,0.0375093773443361,52.9007251812953
29,6,0.112401648557512,0.062445360309729,0.38716123392032,0,99.4379917572124
29,7,8.5403920589337,0.16231739293295,0.0249719066050693,0,91.2723186415283
30,2,7.14910636170479,0.299962504686914,0.237470316210474,0.0249968753905762,92.2884639420073
30,4,13.6801300487683,0.412654745529574,0.887832937351507,0.0125046892584719,85.0068775790922
30,1,12.2673329169269,0.42473454091193,0.674578388507183,0.0249843847595253,86.6083697688944
30,3,0.0999375390381012,0.0499687695190506,0.0124921923797626,0,99.8376014990631
30,5,0.112373579722812,0.0374578599076039,0.0249719066050693,0,99.8251966537645
30,6,0.112415688233825,0.0624531601299026,0.462153384961279,0.0124906320259805,99.350487134649
30,7,8.25424575424575,0.137362637362637,0,0.0374625374625375,91.5709290709291
31,2,0.112457828314382,0.0999625140572285,1.34949393977259,0.0124953142571536,98.4255904035986
31,4,2.37203495630462,0.112359550561798,0.0124843945068664,0,97.5031210986267
31,1,0.124937531234383,0.087456271864068,0.649675162418791,0.0124937531234383,99.1254372813593
31,3,0.112359550561798,0.0624219725343321,0.0124843945068664,0,99.812734082397
31,5,0.0999250562078441,0.024981264051961,0,0,99.8750936797402
31,6,0.137396952285786,0.0124906320259805,0.0124906320259805,0,99.8376217836623
31,7,38.4625,1.4875,0.3125,0.2625,59.475
32,2,20.2252816020025,0.613266583229036,0.0125156445556946,0.250312891113892,78.8986232790989
32,4,22.6372524442216,0.501378791677112,1.05289546252194,0.188017046878917,75.6204562547004
32,3,21.9609804902451,0.76288144072036,0.225112556278139,0.250125062531266,76.8009004502251
32,1,24.8656753717356,0.412345370486068,0.0124953142571536,0.0999625140572285,74.609521429464
32,5,19.2322120795298,0.825309491059147,0,0.287607852944854,79.6548705764662
32,6,22.2930732683171,0.825206301575394,0.0250062515628907,0.262565641410353,76.5941485371343
32,7,29.2670745411412,3.09651641902859,1.42339867648895,0.262205019353228,65.950805343988
33,2,74.5556946182728,0.600750938673342,0,0.225281602002503,24.6182728410513
33,4,70.317400577092,0.802910550746456,0,0.288545979174508,28.5911428929871
33,3,66.741882913376,0.915131001629685,0.188040616773223,0.325937069073587,31.8290083991476
33,1,79.6074018504626,1.03775943985996,0.0125031257814454,0.425106276569142,18.9172293073268
33,5,61.9280431239814,0.689482261501818,0,0.200576657891438,37.1818979566253
33,6,79.0219435736677,0.978056426332288,1.141065830721,0.351097178683386,18.5078369905956
33,7,97.086407402776,1.15043141177942,0,0.32512192072027,1.43803926472427
34,2,77.6708734224666,0.212420342371611,0.749718855429214,0.124953142571536,21.2420342371611
34,4,85.0512884663498,0.162621966474856,0,0.0250187640730548,14.7610708031023
34,3,65.6856606136506,0.23794614902943,0.275516593613024,0.0751408891671885,33.7257357545398
34,1,69.0997871541255,0.225366220107675,0.55089520470765,0.0876424189307625,30.0363090021285
34,5,68.5707127646248,0.388325191030941,1.66604033571339,0.200425905048227,29.1744958035826
34,6,66.5541807274091,0.199975003124609,0.0124984376952881,0.0374953130858643,33.1958505186852
34,7,95.5700162683018,0.450506820172694,0,0.0750844700287824,3.90439244149668
35,2,74.2678347934919,0.638297872340426,0.0125156445556946,0.237797246558198,24.8435544430538
35,4,84.2440915343254,0.287607852944854,0.26259847442791,0.225084406652495,14.9806177316494
35,3,67.983991995998,1.10055027513757,0.412706353176588,0.325162581290645,30.1775887943972
35,1,69.6571571571572,0.988488488488488,0.950950950950951,0.375375375375375,28.028028028028
35,5,70.6862008514901,1.02679689456549,0.175306786877035,0.363135487102429,27.7485599799649
35,6,69.4743429286608,0.988735919899875,0.0125156445556946,0.32540675844806,29.1989987484355
35,7,92.7222708515693,0.312617231461798,0.0500187570338877,0.237589095910967,6.67750406402401
36,2,66.4578373637389,0.438541536148352,0.0125297581756672,0.175416614459341,32.9156747274778
36,4,78.4362861796767,0.927202104999373,0.0250595163513344,0.288184438040346,20.3232677609322
36,3,66.8167604752971,0.337711069418386,0.600375234521576,0.200125078173859,32.0450281425891
36,1,67.1796796796797,0.425425425425425,0.2002002002002,0.2002002002002,31.9944944944945
36,5,66.0709822544364,0.249937515621095,0,0.224943764058985,33.4541364658835
36,7,94.3264183954011,1.02474381404649,0,0.387403149212697,4.26143464133967
36,6,66.2840029947592,0.237085101073122,0,0.0998253057149988,33.3790865984527
37,2,68.0885664248186,0.237678258694021,0.0250187640730548,0.125093820365274,31.523642732049
37,4,72.129096822617,0.162621966474856,0.200150112584438,0.0750562922191644,27.4330748061046
37,3,67.0585292646323,0.525262631315658,0.0250125062531266,0.200100050025012,32.1910955477739
37,1,68.6436436436436,0.25025025025025,0,0.112612612612613,30.9934934934935
37,5,67.334167709637,0.337922403003755,0,0.212765957446809,32.1151439299124
37,7,93.9954966224668,0.988241180885664,0.362772079059294,0.28771578684013,4.36577433074806
37,6,66.6583322915364,0.337542192774097,0,0.16252031503938,32.8416052006501
38,2,66.7959464531465,0.588014512698611,0,0.312773676967346,32.3032653571875
38,4,66.9713284086641,0.463252785776887,0.0125203455615375,0.275447602353825,32.2774508576437
38,3,66.1538461538462,0.562851782363977,0.0125078173858662,0.237648530331457,33.0331457160725
38,1,67.0379176573645,0.813415091978476,0,0.262795645100738,31.8858716055563
38,5,65.5353788353162,0.588603631809643,0,0.23794614902943,33.6380713838447
38,7,93.1707317073171,0.550343964978111,0,0.225140712945591,6.05378361475922
38,6,65.2908067542214,0.662914321450907,0,0.250156347717323,33.7961225766104
39,2,66.1825466382872,0.175284837861525,0,0.0375610366846125,33.6046074871666
39,4,64.8043994500687,0.437445319335083,0,0.137482814648169,34.620672415948
39,3,65.9375,0.225,0,0.15,33.6875
39,1,66.4541932258468,0.149981252343457,0,0.0624921884764404,33.3333333333333
39,5,66.2378216337747,0.324756432675493,0,0.149887584311766,33.2875343492381
39,7,94.4729273477554,0.412654745529574,0,0.137551581843191,4.97686632487183
39,6,66.4083010376297,0.187523440430054,0.0125015626953369,0.0375046880860107,33.3541692711589
40,2,37.5717494384827,0.124781632143748,0,0.0124781632143748,62.2909907661592
40,4,64.0630867442734,0.0876204781574665,0,0.0625860558267618,35.7867067217424
40,3,33.6328466242356,0.187195806813927,0,0.0748783227255709,66.1050792462249
40,1,30.1150575287644,0.0750375187593797,0,0.0250125062531266,69.7848924462231
40,5,32.2834645669291,0.124984376952881,0,0.0124984376952881,67.5790526184227
40,7,56.6587470301363,0.250093785169439,0.0125046892584719,0.125046892584719,42.9536076028511
40,6,26.875,0.075,0,0.05,73
41,2,5.90806894828878,0.0374718960779415,0.0124906320259805,0,94.0419685236073
41,4,8.36040989752562,0.0124968757810547,0,0,91.6270932266933
41,3,14.6283572767021,0.0624609618988132,0.0124921923797626,0,85.2966895690194
41,1,0.0874235044336206,0.062445360309729,0,0,99.8501311352566
41,5,8.85,0.0375,0,0,91.1125
41,7,35.8894170627971,0.0875656742556918,0,0,64.0230172629472
41,6,5.54791953017618,0.0374859427714607,0,0,94.4145945270524
42,2,0.174847008867241,0.47458473835394,0.162357936805295,0.0124890720619458,99.1757212439116
42,4,0.14985014985015,0.549450549450549,0,0,99.3006993006993
42,3,0.149925037481259,0.574712643678161,0,0,99.2753623188406
42,1,0.149906308557152,0.61211742660837,0,0,99.2379762648345
42,5,0.137396952285786,0.612040969273045,0,0,99.2505620784412
42,7,0.224859462835728,0.66208619612742,0.18738288569644,0.0124921923797626,98.9131792629607
42,6,0.14986886474335,0.47458473835394,0,0,99.3755463969027
43,2,0.112415688233825,0.024981264051961,0,0,99.8626030477142
43,4,0.112401648557512,0.0124890720619458,0.174847008867241,0,99.7002622705133
43,3,0.174825174825175,0.024975024975025,0.187312687312687,0,99.6128871128871
43,1,0.0999375390381012,0.0499687695190506,0.199875078076202,0,99.6502186133666
43,5,0.124890720619458,0.0374672161858374,0.187336080929187,0,99.6503059822655
43,7,0.137396952285786,0.0499625281039221,0,0,99.8126405196103
43,6,0.124906320259805,0.0499625281039221,0.149887584311766,0,99.6752435673245
44,2,0.124843945068664,0.0624219725343321,0,0,99.812734082397
44,4,0.124906320259805,0.0374718960779415,0,0,99.8376217836623
44,3,0.112373579722812,0.0499438132101386,0,0,99.8376826070671
44,1,0.0874453466583385,0.0124921923797626,0,0,99.9000624609619
44,5,0.112373579722812,0.0249719066050693,0,0,99.8626545136721
44,7,0.137396952285786,0.0624531601299026,0,0,99.8001498875843
44,6,0.0749344323716748,0.0499562882477832,0.0374672161858374,0,99.8376420631947
45,2,0.174825174825175,0.0374625374625375,0,0,99.7877122877123
45,4,0.112415688233825,0.0374718960779415,0,0,99.8501124156882
45,3,0.0874344241818636,0.0374718960779415,0,0,99.8750936797402
45,1,0.124937531234383,0.0249875062468766,0,0,99.8500749625187
45,5,0.112359550561798,0.0499375780274657,0,0,99.8377028714107
45,7,0.162439085342996,0.0499812570286143,0,0,99.7875796576284
45,6,0.112415688233825,0.0374718960779415,0,0,99.8501124156882
46,2,0.124875124875125,0.04995004995005,0,0,99.8251748251748
46,4,0.0749437921558831,0.0374718960779415,0,0,99.8875843117662
46,3,0.0874344241818636,0.0374718960779415,0,0,99.8750936797402
46,1,0.0999250562078441,0.0374718960779415,0,0,99.8626030477142
46,5,0.0874344241818636,0.0374718960779415,0,0,99.8750936797402
46,7,0.162378216337747,0.0124906320259805,0,0,99.8251311516363
46,6,0.112373579722812,0.0624297665126732,0,0,99.8251966537645
47,2,0.124953142571536,0.0374859427714607,0,0,99.837560914657
47,4,0.0999250562078441,0.0374718960779415,0,0,99.8626030477142
47,3,0.112471882029493,0.0374906273431642,0,0,99.8500374906273
47,1,0.0999375390381012,0.0374765771392879,0,0,99.8625858838226
47,5,0.0999000999000999,0.024975024975025,0,0,99.8751248751249
47,7,0.174868848363727,0.0499625281039221,0,0,99.7751686235324
47,6,0.087456271864068,0.0249875062468766,0,0,99.8875562218891
48,2,0.0999250562078441,0.0374718960779415,0,0,99.8626030477142
48,4,0.124921923797626,0.0374765771392879,0,0,99.8376014990631
48,3,0.0999000999000999,0.024975024975025,0,0,99.8751248751249
48,1,0.0499687695190506,0.0624609618988132,0,0,99.8875702685821
48,5,0.0999250562078441,0.0374718960779415,0,0,99.8626030477142
48,7,0.149925037481259,0.087456271864068,0,0,99.7626186906547
48,6,0.0874344241818636,0.0499625281039221,0,0,99.8626030477142
49,2,0.137414116177389,0.0249843847595253,0.0124921923797626,0,99.8251093066833
49,4,0.0874235044336206,0.0374672161858374,0,0,99.8751092793805
49,3,0.124921923797626,0.0499687695190506,0.0124921923797626,0,99.8126171143036
49,1,0.162297128589263,0.0749063670411985,0,0,99.7627965043695
49,5,0.0874344241818636,0.0374718960779415,0,0,99.8750936797402
49,7,0.0999500249875062,0.0499750124937531,0,0,99.8500749625187
49,6,0.112429731417864,0.0249843847595253,0,0,99.8625858838226
50,2,7.09104552276138,0.312656328164082,0,0.0125062531265633,92.583791895948
50,4,7.6008014024543,0.500876533934385,0,0.0125219133483596,91.885800150263
50,3,8.37186055229289,0.3498687992003,0,0.0124953142571536,91.2657753342497
50,1,7.22680670167542,1.36284071017754,0,0.0125031257814454,91.3978494623656
50,5,7.43564108972757,0.312421894526368,0,0.0124968757810547,92.239440139965
50,7,8.52393450818648,0.662417197850269,0,0.0624921884764404,90.7511561054868
50,6,9.30900912157941,0.299887542171686,0,0.0374859427714607,90.3536173934774
51,2,59.0375,1.85,0,0,39.1125
51,4,75.4315736802602,3.26494871153365,0,0.262697022767075,21.0407805854391
51,3,61.2979867450294,1.112917344004,0,0.150056271101663,37.439039639865
51,1,67.7629110916594,1.3380017506565,0,0.0250093785169439,30.8740777791672
51,5,62.7711598746082,1.40438871473354,0,0.213166144200627,35.6112852664577
51,7,86.3,2.5375,0.025,0.05,11.0875
51,6,81.1655827913957,2.4512256128064,0,0.225112556278139,16.1580790395198
52,2,45.3862526605734,0.688619005884562,0,0.4006510579692,53.5244772755728
52,3,66.6833416708354,1.06303151575788,0,0.475237618809405,31.7783891945973
52,4,76.0630315157579,1.30065032516258,0,0.287643821910955,22.3486743371686
52,1,57.0552147239264,0.363090021284587,0.0125203455615375,0.187805183423062,42.3813697258044
52,5,63.0407601900475,2.30057514378595,0.0875218804701175,0.300075018754689,34.2710677669417
52,7,60.9153605015674,0.677115987460815,0,0.376175548589342,38.0313479623824
52,6,39.5296472354266,0.500375281461096,0,0.200150112584438,59.7698273705279
53,2,72.5998247590437,1.21416948303918,0,0.225309800976342,25.9481787457754
53,3,76.2035763411279,1.10041265474553,0.112542203326247,0.38764536701263,22.1958234337877
53,4,67.8602729435332,0.713659697007637,0.1001627644923,0.5008138224615,30.8125704269438
53,1,73.4550913184889,0.825619214410808,0,0.33775331498624,25.3815361521141
53,5,72.8296222166625,1.16337252939705,0.0125093820365274,0.437828371278459,25.5566675006255
53,7,93.855587535978,1.18883744212239,0,0.437992741834564,4.51758228006507
53,6,67.3591989987484,0.876095118898623,0.0876095118898623,0.387984981226533,31.2891113892365
54,2,75.6204562547004,0.940085234394585,0.0376034093757834,0.350965154173978,23.0508899473552
54,3,70.2892199824715,0.338049330161512,0.0125203455615375,0.187805183423062,29.1724051583824
54,4,71.6983491745873,0.475237618809405,0.0125062531265633,0.362681340670335,27.4512256128064
54,1,77.5635407537248,1.02666833604607,0.0375610366846125,0.4006510579692,20.9715788155753
54,5,74.2692980264801,0.47464401698726,0,0.337247064701474,24.9063202598051
54,7,90.4893004630209,0.963584032036041,0,0.337880115129521,8.20923538981354
54,6,70.5176294073518,0.600150037509377,0,0.362590647661915,28.5196299074769
55,2,74.6313421644589,0.412396900774806,0.0249937515621095,0.274931267183204,24.656335916021
55,3,76.6053323319564,0.400550757291275,0,0.250344223307047,22.7437726874452
55,4,69.5983985987739,0.663080195170774,0.0125109470786939,0.38783935943951,29.3381708995371
55,1,71.039139677379,0.7127672877329,0.0125046892584719,0.362635988495686,27.8729523571339
55,5,69.549436795995,0.713391739674593,0.0375469336670839,0.638297872340426,29.0613266583229
55,7,92.5875,0.625,0,0.35,6.4375
55,6,75.6746626686657,1.11194402798601,0,0.349825087456272,22.8635682158921
56,2,74.9624624624625,0.337837837837838,0,0.25025025025025,24.4494494494494
56,4,68.3893627696939,0.476668339187155,0.0125439036628199,0.363773206221776,30.7576517812343
56,3,60.8255159474672,0.600375234521576,0.0125078173858662,0.42526579111945,38.1363352095059
56,1,60.7183080966087,0.425478663496433,0.0125140783381304,0.275309723438869,38.5683894381179
56,5,65.6281281281281,0.600600600600601,0.0125125125125125,0.550550550550551,33.2082082082082
56,7,87.9599499374218,0.750938673341677,0,0.475594493116396,10.8135168961202
56,6,59.6396847241336,0.462905041911673,0.0125109470786939,0.275240835731265,39.6096584511448
57,2,12.6547455295736,0.362635988495686,0.0250093785169439,0.137551581843191,86.8200575215706
57,4,10.4236970378703,0.424946881639795,0.0249968753905762,0.162479690038745,88.9638795150606
57,3,22.5737868934467,0.312656328164082,0.0250125062531266,0.200100050025012,76.8884442221111
57,1,26.4370695053225,0.325610519724483,0.0250469630557295,0.125234815278647,73.0870381966187
57,5,30.927963981991,0.400200100050025,0,0.212606303151576,68.4592296148074
57,7,64.2409819639279,0.601202404809619,0.0250501002004008,0.175350701402806,34.9574148296593
57,6,27.5965504311961,0.474940632420947,0.0124984376952881,0.249968753905762,71.6660417447819
58,2,0.137396952285786,0.0499625281039221,0.0124906320259805,0,99.8001498875843
58,4,0.112443778110945,0.0249875062468766,0,0,99.8625687156422
58,3,1.01212045482944,0.0999625140572285,0.0999625140572285,0.0124953142571536,98.775459202799
58,1,0.237233112748158,0.0374578599076039,0.112373579722812,0,99.6129354476214
58,5,1.18616556374079,0.0624297665126732,0.0124859533025346,0.0124859533025346,98.7264327631415
58,7,9.88735919899875,0.150187734668335,0.125156445556946,0.0625782227784731,89.7747183979975
58,6,0.124859533025346,0.0374578599076039,0.0124859533025346,0,99.8251966537645
59,2,0.18728929953802,0.0499438132101386,0.0124859533025346,0,99.7502809339493
59,4,0.149887584311766,0.024981264051961,0.0124906320259805,0,99.8126405196103
59,3,0.149925037481259,0.0499750124937531,0.0124937531234383,0,99.7876061969015
59,1,0.137414116177389,0.0374765771392879,0,0,99.8251093066833
59,5,0.124921923797626,0.0499687695190506,0.0124921923797626,0,99.8126171143036
59,7,0.187312687312687,0.0874125874125874,0,0,99.7252747252747
59,6,0.137379792681404,0.0374672161858374,0,0,99.8251529911328
60,2,32.6040755094387,0.175021877734717,0,0.0375046880860107,67.1833979247406
60,4,31.7256028989129,0.187429713857304,0,0.0249906285143071,68.0619767587155
60,1,33.5663462738734,0.224691049806516,0.012482836100362,0.012482836100362,66.1839970041193
60,3,29.9837723130695,0.49931344401448,0,0.012482836100362,69.5044314068156
60,5,31.5263552335748,0.262303272545591,0,0.0124906320259805,68.1988508618536
60,7,37.9512804497189,0.387257963772642,0.0249843847595253,0.0124921923797626,61.6239850093691
60,6,31.2382856428839,0.224915656628764,0,0.0124953142571536,68.5243033862302
61,2,67.4247157316007,0.124953142571536,0,0.0749718855429214,32.3753592402849
61,4,45.5784865540963,0.212632895559725,0.0375234521575985,0.0500312695434647,54.1213258286429
61,1,57.7947243405426,0.150018752344043,0,0.0375046880860107,42.0177522190274
61,3,76.8222666000999,0.149775336994508,0,0.0249625561657514,23.0029955067399
61,5,69.7802197802198,0.487012987012987,0.0124875124875125,0.024975024975025,29.6953046953047
61,7,89.4697348674337,0.237618809404702,0,0.0750375187593797,10.2176088044022
61,6,52.2147147147147,0.2002002002002,0,0.0625625625625626,47.5225225225225
62,2,44.7611902975744,0.212553138284571,0.0375093773443361,0.100025006251563,54.8887221805451
62,1,57.5909034112208,0.537298513057603,0,0.0499812570286143,41.821816818693
62,4,63.825,0.1375,0.0875,0,35.95
62,3,27.5853445041891,0.162560960360135,0.0125046892584719,0.0750281355508316,72.1645617106415
62,5,47.3434179272409,0.187523440430054,0,0.0625078134766846,52.4065508188524
62,7,61.4451806475809,0.887610951368921,0,0.0375046880860107,37.6297037129641
62,6,37.74528183977,0.112485939257593,0.0624921884764404,0.0249968753905762,62.0547431571054
63,2,30.3473263368316,0.199900049975012,0.0499750124937531,0.0124937531234383,69.3903048475762
63,4,12.4250749250749,0.0624375624375624,0,0.0124875124875125,87.5
63,1,44.7845096814491,1.26171143035603,0,0.0249843847595253,53.9287945034354
63,3,0.499562882477832,0.0499562882477832,0.0124890720619458,0,99.4379917572124
63,5,11.6037971521359,0.0499625281039221,0.0124906320259805,0,88.3337496877342
63,7,24.6126936531734,0.387306346826587,0,0,75
63,6,18.000249656722,0.12482836100362,0.012482836100362,0.024965672200724,81.8374734739733
64,2,0.637022233325006,0.0499625281039221,0.0124906320259805,0,99.3005246065451
64,4,0.349956255468066,0.0624921884764404,0.0499937507811524,0,99.5375578052743
64,1,0.974756310922269,0.0374906273431642,0,0,98.9752561859535
64,3,0.549725137431284,0.0499750124937531,0,0,99.400299850075
64,5,0.537030098663669,0.0749344323716748,0,0,99.3880354689647
64,7,12.7218195451137,0.124968757810547,0,0.0124968757810547,87.1407148212947
64,6,12.201823404521,0.0874235044336206,0,0.0124890720619458,87.6982640189834
65,2,0.137362637362637,0.0374625374625375,0,0,99.8251748251748
65,4,0.124843945068664,0.0374531835205993,0.0124843945068664,0,99.8252184769039
65,1,0.112415688233825,0.024981264051961,0,0,99.8626030477142
65,3,0.0999125764955664,0.0499562882477832,0,0,99.8501311352566
65,5,0.0999125764955664,0.0249781441238916,0,0,99.8751092793805
65,7,0.137465633591602,0.0624843789052737,0.0124968757810547,0,99.7875531117221
65,6,0.112401648557512,0.0374672161858374,0,0,99.8501311352566
66,2,0.149887584311766,0.0499625281039221,0,0,99.8001498875843
66,4,0.0749625187406297,0.0249875062468766,0.0124937531234383,0,99.8875562218891
66,1,0.124859533025346,0.0374578599076039,0,0,99.8376826070671
66,3,0.0749437921558831,0.0499625281039221,0.0124906320259805,0,99.8626030477142
66,5,0.137328339575531,0.0499375780274657,0,0,99.812734082397
66,7,0.162337662337662,0.0624375624375624,0,0,99.7752247752248
66,6,0.124875124875125,0.04995004995005,0,0,99.8251748251748
67,2,0.137414116177389,0.0374765771392879,0,0,99.8251093066833
67,4,0.137448456828689,0.0499812570286143,0,0,99.8125702861427
67,1,0.124890720619458,0.0499562882477832,0,0,99.8251529911328
67,3,0.187359480389708,0.024981264051961,0,0,99.7876592555583
67,5,0.124921923797626,0.0374765771392879,0,0,99.8376014990631
67,7,0.137414116177389,0.0624609618988132,0,0,99.8001249219238
67,6,0.14986886474335,0.0499562882477832,0,0,99.8001748470089
68,2,0.124890720619458,0.0374672161858374,0,0,99.8376420631947
68,4,0.0999250562078441,0.024981264051961,0,0,99.8750936797402
68,1,0.0749625187406297,0.0249875062468766,0,0,99.9000499750125
68,3,0.137362637362637,0.04995004995005,0,0,99.8126873126873
68,5,0.0999125764955664,0.0374672161858374,0,0,99.8626202073186
68,7,0.124906320259805,0.0624531601299026,0,0,99.8126405196103
68,6,0.0999250562078441,0.024981264051961,0,0,99.8750936797402
69,2,0.112401648557512,0.0249781441238916,0.0124890720619458,0,99.8501311352566
69,4,0.0874235044336206,0.0374672161858374,0,0,99.8751092793805
69,1,0.112401648557512,0.0249781441238916,0.0124890720619458,0,99.8501311352566
69,3,0.0874344241818636,0.0374718960779415,0,0,99.8750936797402
69,5,0.124890720619458,0.0249781441238916,0,0,99.8501311352566
69,7,0.199750312109863,0.0749063670411985,0,0,99.7253433208489
69,6,0.112415688233825,0.0374718960779415,0,0,99.8501124156882
70,2,0.137414116177389,0.0499687695190506,0,0,99.8126171143036
70,4,0.0749625187406297,0.0249875062468766,0,0,99.9000499750125
70,1,0.0999125764955664,0.0374672161858374,0,0,99.8626202073186
70,3,0.124875124875125,0.0374625374625375,0.024975024975025,0,99.8126873126873
70,5,0.0749157198152079,0.0374578599076039,0.0124859533025346,0,99.8751404669747
70,7,0.124921923797626,0.0624609618988132,0.0374765771392879,0,99.7751405371643
70,6,0.0874453466583385,0.0499687695190506,0,0,99.8625858838226
71,2,0.137396952285786,0.024981264051961,0,0,99.8376217836623
71,4,0.0999375390381012,0.0499687695190506,0,0,99.8500936914429
71,1,0.137379792681404,0.0374672161858374,0,0,99.8251529911328
71,3,0.137362637362637,0.04995004995005,0.0124875124875125,0,99.8001998001998
71,5,0.0874453466583385,0.0499687695190506,0,0,99.8625858838226
71,7,0.274759585362808,0.062445360309729,0,0,99.6627950543275
71,6,0.14985014985015,0.024975024975025,0,0,99.8251748251748
72,2,1.41320660330165,0.200100050025012,0.0125062531265633,0.0375187593796898,98.3366683341671
72,4,1.00062539086929,0.200125078173859,0,0.0250156347717323,98.7742338961851
72,1,6.3,0.1,0,0.025,93.575
72,3,0.974634512057978,0.199925028114457,0,0.0249906285143071,98.8004498313133
72,5,0.499562882477832,0.124890720619458,0,0.0124890720619458,99.3630573248408
72,7,2.075,0.4,0,0.075,97.45
72,6,1.57362307980517,0.324715873610591,0,0.0249781441238916,98.0766829024603
73,2,77.3714428357464,0.149775336994508,0,0.0124812780828757,22.4663005491762
73,4,69.7465351479586,0.337120739168435,0,0.0249719066050693,29.8913722062679
73,1,51.7254313578395,0.175043760940235,0,0,48.0995248812203
73,3,75.053091817614,0.0999375390381012,0,0,24.8469706433479
73,5,48.862784303924,0.274931267183204,0,0.0124968757810547,50.8497875531117
73,7,90.2259393334165,0.162276869304706,0,0.024965672200724,9.58681812507802
73,6,71.3535808023997,1.02487189101362,0,0,27.6215473065867
74,2,59.3777333499938,0.837186055229289,0.0249906285143071,0.0124953142571536,39.7475946520055
74,4,70.962907455976,0.137379792681404,0,0,28.8997127513426
74,1,60.5647882044233,0.124953142571536,0,0.0124953142571536,39.297763338748
74,3,56.5521549031855,0.512179887570269,0,0.0249843847595253,42.9106808244847
74,5,52.9301511933025,0.724728226914907,0.0249906285143071,0,46.3201299512683
74,7,94.6526736631684,3.4607696151924,0,0.0249875062468766,1.8615692153923
