moment,node,user,system,iowait,softirq,idle
1,2,0.2375,0.0375,0,0,99.725
1,4,0.187312687312687,0.024975024975025,0,0,99.7877122877123
1,5,0.237262737262737,0,0,0,99.7627372627373
1,3,0.174825174825175,0.0124875124875125,0.0374625374625375,0,99.7752247752248
1,1,0.237233112748158,0.0499438132101386,0.0249719066050693,0,99.6878511674366
1,6,0.224803297115024,0.0374672161858374,0.0124890720619458,0,99.7252404146372
1,7,0.274828232354778,0.0624609618988132,0,0,99.6627108057464
2,2,0.0499750124937531,0.0374812593703148,0.0124937531234383,0,99.9000499750125
2,5,0.1,0.125,0.0125,0.0125,99.75
2,4,0.200075028135551,0.275103163686382,0.125046892584719,0.0500187570338877,99.3497561585595
2,3,0.0874453466583385,0.0124921923797626,0,0,99.9000624609619
2,1,4.625,0.925,0.0125,0.0375,94.4
2,6,0.137414116177389,0.299812617114304,0.0499687695190506,0.0249843847595253,99.4878201124297
2,7,0.250125062531266,0.100050025012506,0,0,99.6498249124562
3,2,7.35239046311322,1.12345524903258,0,0.037448508301086,91.4867057795531
3,5,7.36157980252468,1.07486564179478,0,0.0374953130858643,91.5260592425947
3,4,7.68845479589281,1.11445028800401,0.0125219133483596,0.0125219133483596,91.1720510894065
3,3,7.34208880550344,1.18824265165729,0.0125078173858662,0.0125078173858662,91.4446529080675
3,1,14.7136232610603,1.22822408823161,0.10026319087605,0.0250657977190124,83.9328236621131
3,6,7.50093761720215,1.20015001875234,0.100012501562695,0.0250031253906738,91.1738967370921
3,7,6.7375,1.3375,0.0125,0.025,91.8875
4,2,7.92178490849837,0.789671596891451,0.0125344697919278,0.0125344697919278,91.2634745550263
4,5,6.24296259226823,0.71312398348555,0.0250218941573877,0.0125109470786939,93.0063805830101
4,4,6.66333291661458,0.775096887110889,0.0125015626953369,0.0125015626953369,92.5365670708839
4,1,11.0151458255101,1.18913506070847,0.0250344223307047,0.0125172111653524,87.7581674802854
4,3,8.07096451774113,0.662168915542229,0.324837581209395,0.0124937531234383,90.9295352323838
4,6,11.7087815861896,1.10082561921441,0.0250187640730548,0.0500375281461096,87.1153365023768
4,7,9.20115014376797,0.925115639454932,0.0250031253906738,0.0250031253906738,89.8237279659957
5,2,32.3899371069182,4.80503144654088,0.0125786163522013,0.515723270440252,62.2767295597484
5,5,28.7153652392947,5.02518891687657,0.0125944584382872,0.428211586901763,65.8060453400504
5,4,24.5852187028658,3.36852689793866,0.012569130216189,0.377073906485671,71.6566113624937
5,1,32.7167484585378,3.33459166981251,0.0125833647917453,0.390084308544105,63.5459921983138
5,3,32.065698041693,4.97789008212255,0.176879343019583,0.568540745420088,62.2109917877448
5,6,23.7611341111529,3.72600677455777,0.0250909547108267,0.564546480993602,71.9106762012295
5,7,26.3416477702192,4.03124212648022,0,0.377928949357521,69.2365835222978
6,2,62.2322435174746,2.83101590880621,0.0250532381310284,0.313165476637855,34.5985218589503
6,5,59.45573112616,2.42036619011788,0.0125407574617507,0.464008026084776,37.6473539001756
6,4,58.4389509348726,3.53871251098005,0.0125486259254612,0.376458777763835,37.633329150458
6,1,83.8612745711782,3.06748466257669,0.0125203455615375,0.363090021284587,12.695630399399
6,3,60.4205782951558,2.99161346851921,0.0250344223307047,0.538240080110151,36.0245337338841
6,6,59.6284207883505,3.25131810193322,0.0125533517449159,0.439367311072056,36.6683404468993
6,7,63.8201682782871,3.55393695843275,0.0251161622504081,0.40185859600653,32.1989200050232
7,2,53.743114672008,4.74461692538808,0.0125187781672509,0.463194792188282,41.0365548322484
7,5,46.8667917448405,3.66479049405879,0.0250156347717323,0.362726704190119,49.0806754221388
7,4,53.5682929888373,5.11727078891258,0.0250846607299636,0.401354571679418,40.8879969898407
7,1,77.6595744680851,3.67959949937422,0,0.575719649561952,18.0851063829787
7,3,55.8617234468938,3.0936873747495,0,0.475951903807615,40.5686372745491
7,6,50.1810915448982,5.07056325714999,0.0249781441238916,0.399650305982266,44.3237167478456
7,7,55.7169693174703,5.20976831559173,0.0125234815278647,0.275516593613024,38.7852222917971
8,2,39.0341548855248,3.54059802327036,0.0250218941573877,0.262729888652571,57.1374953083948
8,5,8.11148606424197,1.17485314335708,0.0124984376952881,0.0624921884764404,90.6386701662292
8,4,34.459882338215,3.32957816998373,0.0250344223307047,0.21279258981099,61.9727124796595
8,1,14.991247811953,3.52588147036759,0.0250062515628907,0.0750187546886722,81.3828457114279
8,3,41.55,2.6125,0.05,0.1875,55.6
8,6,27.3364193669461,1.58889027899412,0.0125109470786939,0.175153259101714,70.8870261478794
8,7,26.9884942471236,3.32666333166583,0.0125062531265633,0.187593796898449,69.4847423711856
9,5,59.8195262564231,1.89246772778544,0,0.438651460082717,37.8493545557087
9,4,55.1745792514444,2.51193167545843,0,0.602863602110023,41.7106254709872
9,2,60.267801276436,2.24002002252534,0,0.463020898510825,37.0291578025278
9,1,68.2080200501253,2.80701754385965,0,0.551378446115288,28.4335839598997
9,3,62.5752256770311,2.52006018054162,0,0.576730190571715,34.3279839518556
9,6,62.7772903872666,2.54417846847976,0,0.576513347537285,34.1020177967164
9,7,60.1050525262631,2.56378189094547,0,0.600300150075038,36.7308654327164
10,5,65.6563126252505,3.0435871743487,0.275551102204409,0.162825651302605,30.8617234468938
10,4,65.9792525934258,2.7246594175728,0.112485939257593,0.224971878515186,30.9586301712286
10,2,65.3513716647877,3.31955405236127,2.35500438431667,0.338218714768884,28.6358511837655
10,1,91.2390488110138,2.99123904881101,0,0.438047559449312,5.33166458072591
10,3,65.6527725622731,3.05419952434598,0.0125172111653524,0.21279258981099,31.0677181124046
10,6,66.3584103974006,2.28692826793302,0.262434391402149,0.224943764058985,30.8672831792052
10,7,64.7191292380833,3.09020392843738,0.137620417865632,0.262729888652571,31.7903165269611
11,5,62.9657414353588,1.17529382345586,0.175043760940235,0.0125031257814454,35.6714178544636
11,2,63.4719256374827,2.03492023615124,4.25825901268685,0.138173596281874,30.0967215173973
11,4,64.25,1.1125,0.0125,0.0375,34.5875
11,1,92.1220457671627,2.92609728648243,0,0.0250093785169439,4.92684756783794
11,3,63.5558328134747,1.24766063630692,0,0,35.1965065502183
11,6,62.8921384826897,0.962379702537183,0.149981252343457,0,35.9955005624297
11,7,62.813944770711,1.11208296888667,0.17493439960015,0.0249906285143071,35.8740472322879
12,5,62.6533166458073,0.788485607008761,0,0.300375469336671,36.2578222778473
12,4,61.3585188891669,0.900675506629973,0,0.300225168876658,37.4405804353265
12,2,56.1204096927305,0.499625281039221,0.0124906320259805,0.162378216337747,43.2050961778666
12,1,92.6856714178545,1.25031257814454,0,0.175043760940235,5.88897224306077
12,3,62.3608853319995,0.875328248093035,0.0125046892584719,0.32512192072027,36.4261598099287
12,6,59.369921240155,0.600075009376172,0.0125015626953369,0.175021877734717,39.8424803100388
12,7,55.4833874594054,0.399700224831376,0.0124906320259805,0.124906320259805,43.9795153634774
13,5,51.048951048951,1.31118881118881,0.412087912087912,0.14985014985015,47.0779220779221
13,4,52.4799599198397,0.438376753507014,1.95390781563126,0.0751503006012024,45.0526052104208
13,2,33.1583552055993,0.112485939257593,0,0.0249968753905762,66.7041619797525
13,1,71.7162872154116,0.175131348511384,0,0.0500375281461096,28.0585439079309
13,3,51.5568338126798,1.23796423658872,1.95073152432162,0.112542203326247,45.1419282230837
13,6,38.6153461634591,1.23719070232442,0,0.0624843789052737,60.0849787553112
13,7,12.9808294699912,0.350833228918682,2.23029695526876,0.0375892745270016,84.4004510712943
14,5,49.9437570303712,0.349956255468066,1.91226096737908,0.124984376952881,47.6690413698288
14,4,47.0036281746528,0.725634930564244,1.70148880270236,0.087576629550857,50.4816714625297
14,2,27.93107753777,0.0499438132101386,0,0.0124859533025346,72.0064926957173
14,1,0.15015015015015,0.425425425425425,4.52952952952953,0.0375375375375375,94.8573573573574
14,3,49.3059897461548,0.150056271101663,0.32512192072027,0,50.2188320620233
14,6,38.671679197995,1.46616541353383,5.15037593984962,0.18796992481203,54.5238095238095
14,7,12.7268176698786,0.362908271805782,1.35152046051808,0.0125140783381304,85.5462395194594
15,5,7.30182545636409,0.225056264066017,2.03800950237559,0,90.4351087771943
15,4,2.64444165935581,0.250657977190124,3.2334879057526,0.0375986965785186,93.833813761123
15,2,1.57362307980517,0.0124890720619458,0.0124890720619458,0,98.4013987760709
15,1,0.124968757810547,0.199950012496876,2.11197200699825,0.0124968757810547,97.5506123469133
15,3,0.600075009376172,0.275034379297412,2.9128641080135,0.0125015626953369,96.1995249406176
15,6,1.32400699475393,0.0749437921558831,0.112415688233825,0,98.4886335248564
15,7,0.45073244021535,0.262927256792287,2.36634531113059,0.025040691123075,96.8949543007387
16,5,0.0999250562078441,0.0374718960779415,0,0,99.8626030477142
16,4,0.0874453466583385,0.0374765771392879,0.0249843847595253,0,99.8500936914429
16,2,0.0874453466583385,0.0374765771392879,0,0,99.8750780762024
16,1,0.237173885906878,0.024965672200724,0.012482836100362,0,99.725377605792
16,3,0.0874453466583385,0.0124921923797626,0.0124921923797626,0,99.8875702685821
16,6,0.0749718855429214,0.199925028114457,0.999625140572285,0.0124953142571536,98.7129826315132
16,7,0.087456271864068,0.0499750124937531,0.0124937531234383,0,99.8500749625187
17,5,0.0624609618988132,0.0124921923797626,0,0,99.9250468457214
17,4,0.0624609618988132,0.0374765771392879,0,0,99.9000624609619
17,2,0.0749625187406297,0.0374812593703148,0,0,99.8875562218891
17,1,0.087456271864068,0.0124937531234383,0,0,99.9000499750125
17,3,0.14986886474335,0.0374672161858374,0,0,99.8126639190708
17,6,0.112415688233825,0.0124906320259805,0,0,99.8750936797402
17,7,0.149887584311766,0.0749437921558831,0,0,99.7751686235324
18,5,0.187406296851574,0.0499750124937531,0,0,99.7626186906547
18,4,0.0874344241818636,0.0374718960779415,0,0,99.8750936797402
18,2,0.0874453466583385,0.0249843847595253,0,0,99.8875702685821
18,1,0.212208213706154,0.049931344401448,0,0,99.7378604418924
18,3,0.087456271864068,0.0249875062468766,0,0,99.8875562218891
18,6,0.0999375390381012,0.0249843847595253,0,0,99.8750780762024
18,7,0.112429731417864,0.0249843847595253,0,0,99.8625858838226
19,5,0.1,0.0125,0,0,99.8875
19,4,0.0624687656171914,0.0249875062468766,0,0,99.9125437281359
19,2,0.0874235044336206,0.0249781441238916,0.0124890720619458,0,99.8751092793805
19,1,0.0999125764955664,0.0374672161858374,0,0,99.8626202073186
19,3,0.0874016731177425,0.0499438132101386,0,0,99.8626545136721
19,6,0.162236365905404,0.0499188818170473,0.0124797204542618,0,99.7753650318233
19,7,0.14986886474335,0.0499562882477832,0,0,99.8001748470089
20,5,13.0385912326714,0.212314225053079,0,0.0249781441238916,86.7241163981516
20,4,12.7279540344741,0.212340744441669,0,0.0124906320259805,87.0472145890582
20,2,13.1098323742807,0.225168876657493,0,0.0250187640730548,86.6399799849887
20,1,16.5790790790791,2.61511511511512,0.0125125125125125,0.025025025025025,80.7682682682683
20,3,14.2125,1.0375,0,0.0125,84.7375
20,6,13.0739396972351,0.650569248092081,0,0,86.2754910546728
20,7,12.291901364376,2.96657904618851,0,0.0375516334960571,84.7039679559394
21,5,67.34335839599,3.7468671679198,0,0.350877192982456,28.546365914787
21,4,69.1681282886495,3.47030819343523,0,0.28814833375094,27.0734151841644
21,1,81.1566930121691,2.7223685861247,0,0.301091456529921,15.8198469451763
21,2,67.8678678678679,3.57857857857858,0.0125125125125125,0.225225225225225,28.3158158158158
21,6,60.6588176352705,2.9809619238477,0,0.31312625250501,36.0470941883768
21,3,58.4053072975341,2.8914757791964,0.0125172111653524,0.488171235448742,38.19001126549
21,7,62.1631783431508,0.99009900990099,0,0.451184358942223,36.395538288006
22,5,27.6047529706066,0.712945590994371,0,0.450281425891182,71.2320200125078
22,4,45.8537197340359,1.04127462049931,0.0125454773554134,0.464182662150295,52.6282775059591
22,1,57.940291018565,1.37982940291019,0,0.439036628198695,40.2408429503261
22,2,46.4348481044439,1.36831534019583,0,0.326387145367813,51.8704494099925
22,3,56.3002008032129,3.07479919678715,0,0.313755020080321,40.3112449799197
22,6,40.0425585179622,1.36437601702341,0.0125172111653524,0.550757291275504,58.0297909625735
22,7,41.2950901803607,1.27755511022044,0,0.237975951903808,57.1768537074148
23,5,0.0999125764955664,0.0249781441238916,0.0249781441238916,0,99.8501311352566
23,4,0.075,0.0125,0.0625,0,99.85
23,3,18.9706987227648,0.35061357375407,0.0125219133483596,0.212872526922114,80.4532932632106
23,1,21.7353198948291,0.613496932515337,0.025040691123075,0.275447602353825,77.3506948791787
23,2,0.71187710753091,0.0374672161858374,0.0124890720619458,0,99.2381666042213
23,6,0.0749625187406297,0.0374812593703148,0.0624687656171914,0,99.8250874562719
23,7,15.2952927956049,0.124859533025346,0.0374578599076039,0,84.5423898114621
24,5,26.1625,0.3875,0.0125,0,73.4375
24,4,28.535732133933,0.262368815592204,0,0.0249875062468766,71.1769115442279
24,1,33.8955522238881,0.424787606196902,0,0.0374812593703148,65.6421789105447
24,3,26.5625,0.2125,0.3,0.0125,72.9125
24,2,25.8338538413492,0.174890693316677,0.0124921923797626,0.0249843847595253,73.9537788881949
24,6,27.5577763897564,0.986883198001249,0,0.0499687695190506,71.4053716427233
24,7,27.9540344741444,0.437172120909318,0.0124906320259805,0.0124906320259805,71.5838121408943
25,5,20.5147426286857,0.137431284357821,0.0374812593703148,0.0374812593703148,79.2728635682159
25,4,31.6164520565071,0.32504063007876,0.0125015626953369,0.0500062507813477,67.9959994999375
25,1,71.5125,2.0375,0,0.025,26.425
25,3,31.7670582354411,0.312421894526368,0,0.0499875031242189,67.8705323669083
25,2,23.2165206508135,0.212765957446809,0,0.0375469336670839,76.5331664580726
25,6,31.9125,0.7,0,0.05,67.3375
25,7,38.3779055236191,0.524868782804299,0.0124968757810547,0.0874781304673832,60.9972506873282
26,5,25.1937015746063,1.52461884528868,0,0,73.281679580105
26,4,51.3567587845442,0.725271976991372,0,0.0500187570338877,47.8679504814305
26,1,16.1983264643437,0.199825152991133,0,0.0499562882477832,83.5518920944174
26,3,24.7782081719355,0.0999625140572285,0,0.0124953142571536,75.1093339997501
26,2,56.275,0.9125,0,0.025,42.7875
26,6,25.6496751624188,0.624687656171914,0,0.0499750124937531,73.6756621689155
26,7,19.2408540392059,0.0874016731177425,0,0.0249719066050693,80.6467723810713
27,5,0.149925037481259,0.0499750124937531,0,0,99.800099950025
27,4,0.87456271864068,0.0499750124937531,0,0,99.0754622688656
27,1,0.34965034965035,0.0374625374625375,0.0124875124875125,0,99.6003996003996
27,3,0.187336080929187,0.0499562882477832,0,0,99.762707630823
27,2,1.39930034982509,0.0499750124937531,0.0124937531234383,0,98.5382308845577
27,6,0.149962509372657,0.0499875031242189,0,0,99.8000499875031
27,7,0.125031257814454,0.0750187546886722,0,0,99.7999499874969
28,5,0.0874344241818636,0.024981264051961,0,0,99.8875843117662
28,4,0.112429731417864,0.0249843847595253,0,0,99.8625858838226
28,1,0.112415688233825,0.0374718960779415,0,0,99.8501124156882
28,3,0.087467199800075,0.0249906285143071,0,0,99.8875421716856
28,2,0.0749437921558831,0.0374718960779415,0.0124906320259805,0,99.8750936797402
28,6,0.124890720619458,0.0249781441238916,0.0124890720619458,0,99.8376420631947
28,7,0.149887584311766,0.024981264051961,0,0,99.8251311516363
29,5,0.0998751560549313,0.0374531835205993,0,0,99.8626716604245
29,4,0.087456271864068,0.0249875062468766,0.0124937531234383,0,99.8750624687656
29,1,0.124906320259805,0.0749437921558831,0.0124906320259805,0,99.7876592555583
29,3,0.124843945068664,0.0499375780274657,0.0249687890137328,0,99.8002496878901
29,2,0.0999250562078441,0.0374718960779415,0,0,99.8626030477142
29,6,0.0874235044336206,0.0249781441238916,0,0,99.8875983514425
29,7,0.124890720619458,0.0374672161858374,0.0124890720619458,0,99.8251529911328
30,5,0.137345486327881,0.0499438132101386,0,0,99.812710700462
30,4,0.0499625281039221,0.0499625281039221,0,0,99.9000749437922
30,1,0.149943771085843,0.0499812570286143,0,0,99.8000749718855
30,3,0.112415688233825,0.0124906320259805,0,0,99.8750936797402
30,2,0.0998876264202772,0.0499438132101386,0,0,99.8501685603696
30,6,0.0999500249875062,0.0374812593703148,0,0,99.8625687156422
30,7,0.14986886474335,0.0374672161858374,0,0,99.8126639190708
31,5,0.0998876264202772,0.0249719066050693,0,0,99.8751404669747
31,4,0.0749531542785759,0.0374765771392879,0,0,99.8875702685821
31,1,0.0999375390381012,0.0124921923797626,0,0,99.8875702685821
31,3,0.0999125764955664,0.0249781441238916,0,0,99.8751092793805
31,2,0.112373579722812,0.0374578599076039,0.0124859533025346,0,99.8376826070671
31,6,0.112401648557512,0.0374672161858374,0,0,99.8501311352566
31,7,0.187265917602996,0.0374531835205993,0,0,99.7752808988764
32,5,47.7369342335584,1.11277819454864,0,0.0125031257814454,51.1377844461115
32,4,64.3151969981238,1.90118824265166,0,0,33.7836147592245
32,1,80.3075768942236,2.46311577894474,0.0125031257814454,0.0250062515628907,17.1917979494874
32,3,70.8552138034509,0.912728182045511,0,0.0250062515628907,28.2070517629407
32,2,73.0422817112835,0.850637978483863,0,0.0125093820365274,26.0945709281961
32,6,70.4301075268817,0.725181295323831,0,0.0750187546886722,28.7696924231058
32,7,69.0738423028786,1.26408010012516,0,0.0250312891113892,29.6370463078849
33,5,14.6908182386009,0.0874453466583385,0.274828232354778,0,84.946908182386
33,4,24.5,0.2375,0,0,75.2625
33,1,50.4873781554611,0.337415646088478,0,0,49.1752061984504
33,3,38.367295911989,0.212526565820728,0.0125015626953369,0,61.4076759594949
33,2,27.4272147944521,0.324878170685993,0.124953142571536,0,72.1229538922904
33,6,14.3767174619036,0.112415688233825,0.24981264051961,0.0124906320259805,85.248563577317
33,7,22.6875,0.675,0.2125,0,76.425
34,5,0.112401648557512,0.0374672161858374,0.0374672161858374,0,99.8126639190708
34,4,18.2829292676831,0.0999750062484379,0.162459385153712,0.0124968757810547,81.4421394651337
34,1,2.57435641089728,0.0624843789052737,0.0124968757810547,0,97.3506623344164
34,3,0.1125,0.0375,0.0125,0,99.8375
34,2,0.0999500249875062,0.0249875062468766,0,0,99.8750624687656
34,6,0.174825174825175,0.0374625374625375,0,0,99.7877122877123
34,7,0.924653255029364,0.0624765712857678,0.0124953142571536,0,99.0003748594277
35,5,16.7249126310534,0.124812780828757,0.0124812780828757,0.0374438342486271,83.1003494757863
35,4,17.7058603023866,0.112457828314382,0.137448456828689,0.0124953142571536,82.0317380982132
35,1,20.7745159275453,0.224859462835728,0.0124921923797626,0.0624609618988132,78.9256714553404
35,3,17.075,0.1625,0.0125,0,82.75
35,2,16.2128403697227,0.162378216337747,0.0124906320259805,0.0124906320259805,83.5998001498876
35,6,18.9108168873345,0.162378216337747,0.0124906320259805,0.0124906320259805,80.9018236322758
35,7,15.746063484129,0.124968757810547,0.0249937515621095,0.0249937515621095,84.0789802549363
36,5,34.5600200275379,0.125172111653524,0,0.0751032669921142,65.2397045938165
36,4,28.5321673953779,0.162398500936914,0,0.0749531542785759,71.2304809494066
36,1,50.3187101612298,0.837395325584302,0,0.0749906261717285,48.7689038870141
36,3,37.1592898224556,0.137534383595899,0,0.0625156289072268,62.6406601650413
36,2,29.7686053783615,0.137585991244528,0,0.075046904315197,70.0187617260788
36,6,36.2023735165522,0.474703310430981,0.0124921923797626,0.0624609618988132,63.2479700187383
36,7,41.9814861145859,0.825619214410808,0,0.062546910182637,57.1303477608206
37,5,44.9375,0.125,0,0.0125,54.925
37,4,26.159230096238,0.249968753905762,0,0.0249968753905762,73.5658042744657
37,3,45.5261184703824,0.299925018745314,0.0124968757810547,0.0499875031242189,54.111472131967
37,1,17.6544136034009,0.675168792198049,0.112528132033008,0.0625156289072268,81.4953738434609
37,2,58.4042021010505,0.737868934467234,0.0500250125062531,0.0500250125062531,40.7578789394697
37,6,62.5281320330083,1.487871967992,0,0.0875218804701175,35.8964741185296
37,7,20.6948262934266,0.499875031242189,0,0.0374906273431642,78.767808047988
38,5,0.487073810415886,0.0374672161858374,0,0.0124890720619458,99.4629699013363
38,4,0.462615653913478,0.0625156289072268,0,0,99.4748687171793
38,3,9.30552085935548,0.124906320259805,0,0.024981264051961,90.5445915563327
38,1,0.574569073195104,0.0874344241818636,0.0124906320259805,0,99.3255058705971
38,2,2.39790183589359,0.112401648557512,0,0,97.4896965155489
38,6,11.1513486513487,0.124875124875125,0,0.0124875124875125,88.7112887112887
38,7,0.774419185610792,0.0624531601299026,0.0124906320259805,0.0124906320259805,99.1381463902073
39,5,0.112429731417864,0.0124921923797626,0.0124921923797626,0,99.8625858838226
39,4,0.0624609618988132,0.0249843847595253,0.0249843847595253,0,99.8875702685821
39,3,0.0999250562078441,0,0.0124906320259805,0,99.8875843117662
39,1,0.0999250562078441,0.0374718960779415,0.024981264051961,0,99.8376217836623
39,2,0.0624531601299026,0.0374718960779415,0.024981264051961,0,99.8750936797402
39,6,0.112401648557512,0.0249781441238916,0.0249781441238916,0,99.8376420631947
39,7,0.262368815592204,0.0499750124937531,0.0124937531234383,0,99.6751624187906
40,5,0.0998751560549313,0.0374531835205993,0.0124843945068664,0,99.8501872659176
40,4,0.0999250562078441,0.024981264051961,0,0,99.8750936797402
40,3,0.0874453466583385,0.0249843847595253,0,0,99.8875702685821
40,1,0.224859462835728,0.0374765771392879,0,0,99.737663960025
40,2,0.0874453466583385,0.0499687695190506,0,0,99.8625858838226
40,6,0.137362637362637,0.0374625374625375,0,0,99.8251748251748
40,7,0.124906320259805,0.0374718960779415,0,0,99.8376217836623
41,5,0.0874125874125874,0.0374625374625375,0,0,99.8751248751249
41,4,0.0999375390381012,0.0249843847595253,0,0,99.8750780762024
41,3,0.0999250562078441,0.024981264051961,0.024981264051961,0,99.8501124156882
41,1,0.137396952285786,0.0499625281039221,0,0,99.8126405196103
41,2,0.0874235044336206,0.0374672161858374,0.0124890720619458,0,99.8626202073186
41,6,0.0749531542785759,0.0124921923797626,0,0,99.9125546533417
41,7,0.124875124875125,0.0624375624375624,0,0,99.8126873126873
42,5,0.112401648557512,0.0249781441238916,0,0,99.8626202073186
42,4,0.0999000999000999,0.024975024975025,0.0124875124875125,0,99.8626373626374
42,3,0.112429731417864,0.0124921923797626,0,0,99.8750780762024
42,1,0.112387612387612,0.04995004995005,0,0,99.8376623376623
42,2,0.0874125874125874,0.04995004995005,0,0,99.8626373626374
42,6,0.162357936805295,0.0249781441238916,0,0,99.8126639190708
42,7,0.124906320259805,0.0624531601299026,0,0,99.8126405196103
43,5,37.6186906546727,0.274862568715642,0,0.0249875062468766,62.0814592703648
43,4,26.3967004124484,0.737407824021997,0,0.0124984376952881,72.8533933258343
43,1,44.5792172064524,1.40052519694886,0.0125046892584719,0.0500187570338877,53.9577341503064
43,2,40.7606655823846,0.237707994495183,0,0.0375328412360816,58.9640935818841
43,3,36.275,0.2125,0,0.025,63.4875
43,6,42.8767808047988,0.199950012496876,0,0.0249937515621095,56.8982754311422
43,7,29.8138198175684,0.512307884543296,0,0.0124953142571536,69.6613769836311
44,5,46.3567054118235,0.187476565429321,0,0,53.4558180227472
44,4,37.6717461903572,0.362228328753435,0,0,61.9660254808893
44,1,54.9362659335166,13.0717320669833,0,0,31.9920019995001
44,2,36.0649594003748,0.18738288569644,0,0.0124921923797626,63.735165521549
44,3,41.1140252279256,0.212314225053079,0,0,58.6736605470214
44,6,42.7590511860175,0.17478152309613,0,0,57.0661672908864
44,7,53.4292866082603,2.66583229036295,0,0,43.9048811013767
45,5,17.1539230384808,0.112443778110945,0.124937531234383,0,82.6086956521739
45,4,43.6890777305674,0.224943764058985,0,0.0124968757810547,56.0734816295926
45,1,54.0077529073403,3.32624734275353,0.137551581843191,0,42.528448168063
45,2,36.1922596754057,0.237203495630462,0.0749063670411985,0.0124843945068664,63.4831460674157
45,3,60.6022741471948,0.237410970885918,0.0249906285143071,0.0124953142571536,39.1228289391478
45,6,12.0424734540912,0.0874453466583385,0.174890693316677,0,87.6951905059338
45,7,29.7824456114028,0.237559389847462,0.0500125031257814,0.0125031257814454,69.9174793698425
46,5,0.112387612387612,0.024975024975025,0.0749250749250749,0,99.7877122877123
46,4,0.71232191952012,0.0624843789052737,0.349912521869533,0,98.8752811797051
46,1,0.699388035468965,0.0374672161858374,0.0124890720619458,0,99.2506556762833
46,2,6.71912076932684,0.124890720619458,0.0124890720619458,0,93.1434994379918
46,3,0.0999375390381012,0.0249843847595253,0.0124921923797626,0,99.8625858838226
46,6,0.087456271864068,0.0499750124937531,0.0374812593703148,0,99.8250874562719
46,7,0.112429731417864,0.0624609618988132,0.299812617114304,0,99.525296689569
47,5,47.6136931534233,0.28735632183908,0,0.0999500249875062,51.9990004997501
47,4,54.4920654754467,0.249906285143071,0.124953142571536,0.0624765712857678,45.0705985255529
47,1,60.6508135168961,0.287859824780976,0,0.112640801001252,38.9486858573216
47,3,49.9874968742186,0.18754688672168,0,0.0500125031257814,49.774943735934
47,2,51.4039685511045,0.199675527268189,0,0.0623986022713091,48.333957319356
47,6,55.3457546579967,0.625234462923596,0,0.0875328248093035,43.9414780542703
47,7,52.2570964111542,0.26259847442791,0.0875328248093035,0.0625234462923596,47.3302488433162
48,5,67.4630973229922,0.400300225168877,0,0.0500375281461096,32.0865649236928
48,4,58.2280065073207,0.162683018395695,0.0125140783381304,0.0750844700287824,41.5217119259167
48,1,59.2328835582209,0.199900049975012,0,0.087456271864068,40.47976011994
48,3,51.9064883110389,0.48756094511814,0,0.0375046880860107,47.568446055757
48,2,43.7883147754285,0.112598523708245,0.0125109470786939,0.0500437883147754,56.0365319654698
48,6,74.1064733816546,0.212446888277931,0,0.0999750062484379,25.581104723819
48,7,58.8551431071116,0.5249343832021,0.0124984376952881,0.0499937507811524,40.5574303212098
49,5,13.3699862551543,0.249906285143071,0,0.0124953142571536,86.3676121454455
49,4,2.125,0.0625,0,0,97.8125
49,1,5.53680789901262,0.0749906261717285,0.0249968753905762,0,94.3632045994251
49,3,2.82464691913511,0.0749906261717285,0,0.0124984376952881,97.0878640169979
49,2,0.212393803098451,0.0624687656171914,0.0124937531234383,0,99.7126436781609
49,6,11.4178638351031,0.0999375390381012,0,0.0124921923797626,88.4697064334791
49,7,7.5346744970636,0.0999625140572285,0,0.0124953142571536,92.352867674622
50,5,0.137362637362637,0.0124875124875125,0.024975024975025,0,99.8251748251748
50,4,0.0999625140572285,0.0249906285143071,0.0249906285143071,0,99.8500562289142
50,1,0.14986886474335,0.0249781441238916,0.0249781441238916,0,99.8001748470089
50,3,0.112401648557512,0.0124890720619458,0.0249781441238916,0,99.8501311352566
50,2,0.0874344241818636,0.0124906320259805,0.0124906320259805,0,99.8875843117662
50,6,0.0874344241818636,0.024981264051961,0.024981264051961,0,99.8626030477142
50,7,0.112429731417864,0.0249843847595253,0.0249843847595253,0,99.8376014990631
51,5,0.149794033204344,0.037448508301086,0,0,99.8127574584946
51,4,0.0874235044336206,0.0374672161858374,0,0,99.8751092793805
51,1,0.124906320259805,0.024981264051961,0,0,99.8501124156882
51,3,0.137345486327881,0.0249719066050693,0,0,99.8376826070671
51,2,0.174716086359666,0.0374391613627855,0,0,99.7878447522776
51,6,0.0749531542785759,0.0499687695190506,0,0,99.8750780762024
51,7,0.124859533025346,0.0624297665126732,0.0124859533025346,0,99.8002247471594
52,5,0.0749344323716748,0.0249781441238916,0,0,99.9000874235044
52,4,0.0749906261717285,0.0249968753905762,0,0,99.9000124984377
52,1,0.237233112748158,0.0499438132101386,0,0,99.7128230740417
52,3,0.0874344241818636,0.0499625281039221,0,0,99.8626030477142
52,2,0.0624765712857678,0.0249906285143071,0.0124953142571536,0,99.9000374859428
52,6,0.112401648557512,0.0374672161858374,0,0,99.8501311352566
52,7,0.124953142571536,0.0374859427714607,0,0,99.837560914657
53,5,0.124843945068664,0.0624219725343321,0,0,99.812734082397
53,4,0.162297128589263,0.0374531835205993,0,0,99.8002496878901
53,1,0.112387612387612,0.0749250749250749,0.0124875124875125,0,99.8001998001998
53,3,0.112387612387612,0.024975024975025,0,0,99.8626373626374
53,2,0.0998751560549313,0.0499375780274657,0,0,99.8501872659176
53,6,0.0999500249875062,0.0124937531234383,0,0,99.8875562218891
53,7,0.14985014985015,0.04995004995005,0.0124875124875125,0,99.7877122877123
54,5,12.343828085957,0.224887556221889,0,0.0249875062468766,87.4062968515742
54,4,12.0280070017504,0.150037509377344,0,0.0250062515628907,87.7969492373093
54,1,16.670832291927,0.299925018745314,0.0124968757810547,0.0124968757810547,83.0042489377656
54,3,13.1168019987508,0.212367270455965,0,0.0249843847595253,86.6458463460337
54,6,11.9220194951262,0.249937515621095,0,0.0124968757810547,87.8155461134716
54,2,12.4718820294926,0.174956260934766,0,0.0124968757810547,87.3406648337915
54,7,11.1125,0.225,0,0.0125,88.65
55,5,40.775,2.025,0,0,57.2
55,4,72.9203097676742,0.224831376467649,0,0.0374718960779415,26.8173869597802
55,1,62.211118051218,0.474703310430981,0,0.0124921923797626,37.3016864459713
55,3,28.4607696151924,0.0374812593703148,0,0,71.5017491254373
55,6,42.4662668665667,0.087456271864068,0,0,57.4462768615692
55,2,64.1332834144515,0.648945463621615,0,0.0249594409085236,35.1928116810183
55,7,63.8590352411897,1.37465633591602,0,0,34.7663084228943
56,5,35.7285678580355,0.349912521869533,0.0749812546863284,0.0624843789052737,63.7840539865034
56,4,27.8784848106013,0.137517189648706,0.287535941992749,0,71.6964620577572
56,1,67.774584530801,3.37373484943146,0,0.0249906285143071,28.8266899912533
56,2,38.2787090317738,0.162621966474856,0.0125093820365274,0.0125093820365274,61.5336502376783
56,3,71.6964620577572,0.412551568946118,0.0250031253906738,0,27.865983247906
56,6,51.4164482715587,0.336952452265069,0,0.0124797204542618,48.234119555722
56,7,44.6317103620474,0.262172284644195,0.387016229712859,0.0374531835205993,54.6816479400749
57,5,5.01747378931603,0.0748876684972541,0.0249625561657514,0,94.882675986021
57,4,0.349781386633354,0.0374765771392879,0,0,99.6127420362274
57,1,29.4073518379595,0.18754688672168,0.0125031257814454,0,70.3925981495374
57,2,1.16177389131793,0.0499687695190506,0.0124921923797626,0,98.7757651467833
57,3,40.2998126171143,0.174890693316677,0.0124921923797626,0,59.5128044971893
57,6,3.48575712143928,0.087456271864068,0.199900049975012,0.0124937531234383,96.2143928035982
57,7,5.26973026973027,0.0999000999000999,0.14985014985015,0,94.4805194805195
58,5,5.44659587757651,0.162398500936914,0,0,94.3910056214866
58,4,6.64667666166917,0.137431284357821,0.0124937531234383,0.0249875062468766,93.1784107946027
58,1,9.82868575715893,0.187570338877079,0.0125046892584719,0.0250093785169439,89.9462298361886
58,2,6.45846346033729,0.137414116177389,0.0124921923797626,0.0124921923797626,93.3791380387258
58,6,7.40092511563946,0.150018752344043,0,0.0125015626953369,92.4365545693212
58,7,6.975,0.1,0,0.0125,92.9125
58,3,8.17955112219451,0.0872817955112219,0.0124688279301746,0.0124688279301746,91.7082294264339
59,5,81.2898387701537,0.149981252343457,0,0.0874890638670166,18.4726909136358
59,4,74.9562171628722,0.175131348511384,0,0.112584438328747,24.7560670502877
59,1,97.6883668624266,0.362364113457453,0,0.112457828314382,1.83681119580157
59,2,84.1704147926037,0.237381309345327,0,0.0999500249875062,15.4922538730635
59,6,81.1,1.4625,0,0.1625,17.275
59,7,85.9447292734775,0.137551581843191,0,0.0875328248093035,13.83018631987
59,3,78.7912912912913,0.275275275275275,0,0.137637637637638,20.7957957957958
60,5,23.4625,0.0375,0,0.025,76.475
60,4,50.6491885143571,0.137328339575531,0,0.0374531835205993,49.1760299625468
60,1,70.9556527170518,0.212367270455965,0,0.124921923797626,28.7070580886946
60,2,75.1810237203496,0.187265917602996,0.0374531835205993,0.0998751560549313,24.4943820224719
60,6,40.1650618982118,0.137551581843191,0.0125046892584719,0.0625234462923596,59.6223583843941
60,7,55.9003879364285,0.150168940057565,0.0125140783381304,0.100112626705043,43.8368164184708
60,3,75.4127063531766,0.737868934467234,0,0.0625312656328164,23.7868934467234
61,5,9.20969971101897,1.13079532604599,0,0.477446915441638,89.1820580474934
61,4,10.1016438699962,1.21721671476973,0,0.414104655540218,88.2670347596938
61,1,15.509638402419,0.856746881693335,0.0755953130905884,0.226785939271765,83.3312334635253
61,2,17.0661312586272,1.40544610365165,0.0125486259254612,0.476847785167524,81.0390262266282
61,6,9.60742505957607,1.11626740248338,0,0.326100589489527,88.950206948451
61,7,14.8933500627353,1.73149309912171,0,0.765370138017566,82.6097867001255
61,3,20.4976750031419,1.36986301369863,0.0125675505843911,0.515269573960035,77.6046248586151
