moment,node,user,system,iowait,softirq,idle
1,3,0.062445360309729,0.0249781441238916,0,0,99.9125764955664
1,2,0.137396952285786,0.0124906320259805,0.112415688233825,0,99.7376967274544
1,5,0.0998876264202772,0.0249719066050693,0.149831439630416,0,99.7253090273442
1,4,0.0624531601299026,0.0124906320259805,0.199850112415688,0,99.7252060954284
1,1,0.162337662337662,0.0374625374625375,0.162337662337662,0,99.6378621378621
1,7,0.17478152309613,0.0374531835205993,0.162297128589263,0,99.625468164794
1,6,0.137414116177389,0.0124921923797626,0.112429731417864,0,99.737663960025
2,2,0.974634512057978,0.674746969886293,0,0.0374859427714607,98.3131325752843
2,3,0.0499562882477832,0.0499562882477832,0,0,99.9000874235044
2,5,0.224887556221889,0.249875062468766,0.0749625187406297,0.0749625187406297,99.3753123438281
2,4,0.0124921923797626,0.0249843847595253,0,0.0124921923797626,99.9500312304809
2,1,0.150093808630394,0.250156347717323,0,0.0375234521575985,99.5622263914947
2,7,0.0249843847595253,0.0124921923797626,0,0,99.9625234228607
2,6,0.0499438132101386,0.0374578599076039,0.0124859533025346,0,99.9001123735797
3,3,1.36079900124844,0.674157303370786,0.0124843945068664,0.0499375780274657,97.9026217228464
3,2,14.7625,0.925,0.075,0,84.2375
3,5,1.25172111653524,0.650894980598323,0.0751032669921142,0,98.0222806358743
3,4,1.27404446665001,0.674494129402948,0,0.0124906320259805,98.0389707719211
3,1,1.38802050769038,0.725271976991372,0.0125046892584719,0,97.8742028260598
3,7,3.15394242803504,0.826032540675845,0,0,96.0200250312891
3,6,3.21410705352676,0.737868934467234,0.0750375187593797,0.0125062531265633,95.9604802401201
4,2,12.3001998001998,1.01148851148851,0.024975024975025,0.0124875124875125,86.6508491508492
4,3,10.0700525394046,0.888166124593445,0.0375281461095822,0,89.0042531898924
4,4,9.71457185778668,0.738607911867802,0.100150225338007,0,89.4466700050075
4,5,9.84753811547113,0.799800049987503,0.0374906273431642,0.0124968757810547,89.3026743314172
4,1,9.82970197846231,0.801402454295016,0.0500876533934385,0,89.3188079138492
4,7,8.15407703851926,0.662831415707854,0.0125062531265633,0.0250125062531266,91.1455727863932
4,6,11.7353308364544,1.11111111111111,0.0499375780274657,0.0124843945068664,87.0911360799001
5,4,37.2979070058905,2.0177967163805,0.0250657977190124,0.200526381752099,60.4461711993984
5,5,40.8544224505137,1.55349536457028,0.0250563768479078,0.175394637935355,57.3916311701328
5,2,53.6542559859596,2.95850570389871,0.0125360411182149,0.376081233546446,42.998621035477
5,3,37.8704168759417,1.50678051230537,0,0.188347564038172,60.4344550477147
5,1,38.6103781882146,1.74645055911547,0,0.213594672697575,59.4295765799724
5,7,38.8840235205805,1.46378080820718,0.0250218941573877,0.0375328412360816,59.5896409358188
5,6,40.0050194503702,2.02032877399925,0.0376458777763835,0.301167022211068,57.6358388756431
6,3,48.7018688072244,2.04439984949204,0.0125423303649818,0.9657594381036,48.275429574815
6,4,50.2445754421171,1.7935532421924,0.0501693214599273,0.915590116643672,46.9961118775869
6,2,76.6075248521455,2.90675726689317,0,1.2205863847993,19.2651314961621
6,1,52.2932330827068,2.14285714285714,0.087719298245614,0.802005012531328,44.6741854636591
6,5,43.2918395573997,2.74110398591726,0.0125738714950333,1.06877907707783,52.8857035081101
6,7,50.6024096385542,2.27158634538153,0.0125502008032129,0.891064257028112,46.2223895582329
6,6,50.2131928768498,1.8309505894156,0,0.827689992475546,47.1281665412591
7,3,51.633087223126,1.57677387060443,0.0125140783381304,0.963584032036041,45.8140407958954
7,1,49.1918305976695,1.77922566094474,0,0.877083072296705,48.1518606690891
7,4,49.7620240480962,2.04158316633267,0,1.05210420841683,47.1442885771543
7,2,74.0165372087196,2.718616887998,0,1.05236782761213,22.2124780756703
7,5,47.157736227883,2.24620404065755,0,1.17957083699335,49.4164888944661
7,6,47.981444332999,1.74272818455366,0,1.00300902708124,49.2728184553661
7,7,47.595792637115,1.72802404207363,0.0125219133483596,0.838968194340095,49.824693213123
8,3,49.5355259854381,1.63193572683907,0,0.753201104694954,48.0793371830279
8,1,44.2606516290727,1.94235588972431,0.263157894736842,0.87719298245614,52.65664160401
8,4,47.7580160320641,1.80360721442886,0,1.03957915831663,49.3987975951904
8,2,71.6206030150754,2.04773869346734,0.0125628140703518,1.08040201005025,25.2386934673367
8,5,49.2336683417085,1.35678391959799,0.0125628140703518,0.841708542713568,48.5427135678392
8,6,50.7199198697884,1.35219732064605,0.05008138224615,0.613496932515337,47.2643044948041
8,7,48.7330657300552,1.69342699448068,0,1.07877571500251,48.4947315604616
9,1,50.1192718141871,1.18016321406152,0.263653483992467,0.652856246076585,47.7840552416824
9,3,47.6232394366197,1.18209255533199,0,0.842555331991952,50.3521126760563
9,4,46.2060301507538,1.69597989949749,0,1.01758793969849,51.0804020100502
9,2,74.8084892628406,2.22278035916112,0.276277784754489,1.02976265226673,21.662689940977
9,5,47.8255420478757,1.66687554831433,0,0.852237122446422,49.6553452813636
9,6,52.2212489050181,0.913527718683519,0,0.63821799524465,46.2270053810537
9,7,45.4613841524574,1.76780341023069,0.0501504513540622,1.31644934804413,51.3916750250752
10,1,49.2153170119272,1.78279974890144,0.0376647834274953,0.828625235404896,48.135593220339
10,4,47.8954642543033,1.99773840934791,0,0.829249905767056,49.2775474305817
10,3,47.5862068965517,1.6551724137931,0.175548589341693,0.90282131661442,49.6677115987461
10,2,73.3609126237934,2.59496051147048,0.0125360411182149,1.15331578287577,22.8657389996239
10,5,51.0513141426784,1.80225281602003,0.275344180225282,1.06382978723404,45.7947434292866
10,6,50.6322774508576,1.32715662952297,0,0.676098660323025,47.3644672592964
10,7,50.5582737423159,1.4050934638063,0.250909547108267,0.765274118680216,47.0204491280893
11,1,46.7745983935743,1.94528112449799,0.17570281124498,1.12951807228916,49.9748995983936
11,4,48.3895224965535,1.71700714375235,0.0125328988595062,1.15302669507457,48.7153778669006
11,3,50.0251004016064,1.41817269076305,0.0125502008032129,0.953815261044177,47.5903614457831
11,2,75.6329907244924,2.18099774379544,0.062672348959639,1.04036099273001,21.0829781900226
11,5,48.6802413273002,1.31975867269985,0.0251382604323781,0.867269984917044,49.1075917546506
11,6,52.0295665246805,1.26534703081934,0,0.726634928589326,45.9784515159108
11,7,48.3469516027656,1.52105593966059,0,0.930232558139535,49.2017598994343
12,1,51.2640801001252,1.55193992490613,0,0.826032540675845,46.3579474342929
12,3,47.0285857572718,1.42928786359077,0.0250752256770311,1.06569709127382,50.4513540621866
12,4,45.0439146800502,1.61856963613551,0,1.20451693851945,52.1329987452949
12,2,75.7119558399197,2.30836783339606,0.0125454773554134,1.10400200727638,20.8631288420524
12,5,46.908315565032,1.76846858146244,0.213219616204691,1.17897905430829,49.9310171829926
12,6,46.6357599298334,1.27803533391806,0.112767823581005,0.701666457837364,51.2717704548302
12,7,48.1095339781434,1.18075618640874,0.0125612360256249,0.590378093204371,50.0942092701922
13,1,48.7716219603911,1.15317122085736,0.0501378791677112,0.802206066683379,49.2103284031085
13,4,50.0250563768479,1.70383362565773,0,1.02731145076422,47.2437985467301
13,3,48.4149855907781,1.47851146472873,0,0.814434281418369,49.2920686630748
13,2,70.2042350582634,2.4057135697281,0,1.31562460844506,26.0744267635635
13,5,51.002004008016,1.46543086172345,0.0125250501002004,0.989478957915832,46.5305611222445
13,7,45.9164471208129,1.38000250909547,0.0125454773554134,0.915819846945176,51.775185045791
13,6,48.7291849255039,1.17691248278452,0.0125203455615375,0.55089520470765,49.5304870414423
14,1,51.1289513296538,1.25439036628199,0,0.865529352734571,46.7511289513297
14,3,48.2473710565849,1.21432148222334,0,0.563345017526289,49.9749624436655
14,4,47.1193673904858,1.84511108321828,0,0.91627965357098,50.119241872725
14,2,75.6492284531426,2.09509471835403,0.0250909547108267,1.09145652992096,21.1391293438715
14,5,43.6872489959839,2.17118473895582,0,1.20481927710843,52.9367469879518
14,7,48.7719298245614,1.2280701754386,0,0.789473684210526,49.2105263157895
14,6,45.5434373824746,1.7675817976683,0.0501441644728595,0.839914754920396,51.7863858593456
15,3,51.0902255639098,1.10275689223058,0,0.764411027568922,47.0426065162907
15,1,47.8070175438597,1.62907268170426,0,0.87719298245614,49.6867167919799
15,4,50.3507014028056,1.36523046092184,0,1.06462925851703,47.2194388777555
15,2,74.6298619824341,2.04516938519448,0,1.09159347553325,22.2333751568381
15,5,52.1717361371886,1.20165227187383,0,0.888721992740018,45.7253723870322
15,7,48.8077309236948,1.53112449799197,0,0.853413654618474,48.8077309236948
15,6,50.0125344697919,1.215843569817,0,0.589120080220607,48.1825018801705
16,1,51.904284640441,1.31545978451516,0,0.814332247557003,45.9659233274868
16,3,45.8960843373494,1.58132530120482,0,0.928714859437751,51.593875502008
16,4,50.4949254479389,1.24044605939105,0,1.05249968675605,47.212128805914
16,2,74.0052717459521,1.95807706790511,0.0125517760763148,0.91627965357098,23.1078197564955
16,5,46.7780429594272,1.75857304358749,0,0.992337646024369,50.4710463509609
16,7,48.564263322884,1.141065830721,0.0125391849529781,1.0282131661442,49.2539184952978
16,6,49.3666123165684,1.29186002759313,0,0.702370500438982,48.6391571553995
17,1,47.6953907815631,1.69088176352705,0,0.901803607214429,49.7119238476954
17,3,49.2677431468269,1.27675553886594,0,0.888721992740018,48.5667793215672
17,2,72.5763862693323,2.46447881302653,0.0628693574751666,0.917892619137432,23.9783729410285
17,4,51.0712943240195,1.24044605939105,0,0.739255732364365,46.9364741260494
17,5,48.4161762864655,1.52748215850757,0,1.07674971829222,48.9795918367347
17,7,49.9687460932617,1.41267658457307,0.0125015626953369,0.725090636329541,47.8809851231404
17,6,45.4579673776663,1.51819322459222,0.0125470514429109,0.790464240903388,52.2208281053952
18,1,47.703313253012,1.31777108433735,0,0.991465863453815,49.9874497991968
18,3,49.0028847359839,1.27931769722815,0,0.752539821898909,48.952715414524
18,2,75.191270538066,1.90643421547724,0,0.978301768468581,21.9239934779882
18,4,47.7645585472761,1.47777082028804,0.0125234815278647,0.914214151534126,49.8309329993738
18,5,52.4805813079429,1.26534703081934,0,0.889501378100727,45.3645702831371
18,6,51.4418254764293,1.01554663991976,0,0.739719157472417,46.8029087261785
18,7,48.1036425084491,1.40192765051946,0,1.01389410439354,49.4805357366379
19,3,48.3308232931727,1.28012048192771,0,0.891064257028112,49.4854417670683
19,1,47.7900552486188,1.55700652938222,0,0.966850828729282,49.6735308890005
19,2,74.7084639498433,1.44200626959248,0,0.927899686520376,22.9216300940439
19,4,48.6713462020557,1.31611932815242,0,1.02782652293808,48.9847079468538
19,5,47.8707414829659,1.69088176352705,0,1.03957915831663,49.3987975951904
19,6,50.5396586345381,1.09186746987952,0.0376506024096386,0.803212851405622,47.5276104417671
19,7,50.0125125125125,1.27627627627628,0,0.888388388388388,47.8228228228228
20,3,47.6316120115592,1.30669682120869,0.0376931775348662,0.753863550697324,50.2701344389999
20,1,47.7007893747651,1.29056509209372,0.0626487908783361,1.11514847763438,49.8308482646285
20,2,79.14371557336,1.77766649974962,0.0125187781672509,0.938908362543816,18.114672008012
20,4,50.6194468777375,1.10123889375547,0,0.763358778625954,47.5159554498811
20,5,48.4848484848485,1.55271725519659,0,0.964187327823691,48.9982469321312
20,7,45.3017187303977,1.35491155438464,0.0250909547108267,0.92836532430059,52.3899134362062
20,6,46.5798045602606,1.12753695815585,0,0.839388624404911,51.4532698571787
21,3,50.532648201529,1.30342148138865,0,0.864770021305928,47.2991602957764
21,2,69.3273092369478,1.80722891566265,0.0125502008032129,0.941265060240964,27.9116465863454
21,1,48.95963900727,1.16570569064929,0,0.814740536475307,49.0599147656054
21,4,48.6252354048964,1.26804770872567,0,0.966729441305712,49.1399874450722
21,5,47.1147828263863,1.27675553886594,0,0.988859682062836,50.6196019526849
21,6,49.1293999749468,1.10234247776525,0.0250532381310284,0.726543905799825,49.0166604033571
21,7,47.0926597474053,1.4255345754658,0.0125046892584719,1.08790796548706,50.3813930223834
22,3,46.0110386352233,1.30456598093327,0,0.94079277471149,51.743602609132
22,1,48.7066800602712,0.991963837267705,0.0125565042692115,0.753390256152687,49.5354093420392
22,2,76.6608172474304,1.84256705941339,0,0.777137127099524,20.7194785660567
22,4,48.8223502881483,1.37810072663493,0,0.902029566524681,48.8975194186921
22,7,50.1691093573844,1.13992233496179,0.0125266190655142,1.00212952524114,47.6637855442816
22,5,47.542627883651,1.37913741223671,0,0.789869608826479,50.2883650952859
22,6,47.7623166603986,1.20345994734863,0,0.702018302620033,50.3322050896327
23,3,49.4358074222668,1.00300902708124,0,0.752256770310933,48.808926780341
23,1,47.0477623166604,1.52939701642221,0,1.09063557728469,50.3322050896327
23,2,74.5552493109496,2.17990478576798,0.0250563768479078,1.02731145076422,22.2124780756703
23,4,51.73711275555,0.903047786278691,0.0125423303649818,0.802709143358836,46.5445879844475
23,6,47.7776386628271,1.21447351946914,0.0125203455615375,0.813822461499937,50.1815450106423
23,7,48.1690494105844,1.29169801856032,0,0.840230749937296,49.699021820918
23,5,46.2463967915779,1.62927685173581,0,1.30342148138865,50.8209048752977
24,3,50.5214222892323,1.09310214851112,0,0.703605980650836,47.6818695816057
24,2,73.3207784055242,1.80790960451977,0,1.16760828625235,23.7037037037037
24,1,47.9247648902821,1.30407523510972,0,0.96551724137931,49.8056426332288
24,4,46.6482550841075,1.54406226462465,0,0.941501380868692,50.8661812703992
24,5,50.9708129775774,1.12739571589628,0,0.826756858323938,47.0625078291369
24,6,49.4727592267135,0.903841325633944,0,0.677880994225458,48.9455184534271
24,7,46.7943901828199,1.3022789882294,0.0125219133483596,0.939143501126972,50.9516654144753
25,2,71.2474899598394,1.93273092369478,0,1.00401606425703,25.8157630522088
25,3,48.2590180360721,1.06462925851703,0.0250501002004008,0.876753507014028,49.7620240480962
25,1,48.9790805461606,1.15244895402731,0,1.05223600150319,48.8037078792434
25,4,42.6691729323308,1.65413533834586,0.025062656641604,1.09022556390977,54.5614035087719
25,6,48.2559598494354,0.978670012547051,0,0.702634880803011,50.0627352572146
25,5,48.4974223563435,1.18194392053313,0,1.10650069156293,49.2141330315604
25,7,51.7470256731371,0.951784596117721,0,0.864120225422668,46.4370695053225
26,2,69.6430807764559,1.7407639323732,0,1.13963681903569,27.4765184721353
26,3,50.9403209628887,1.01554663991976,0,0.814944834503511,47.2291875626881
26,1,49.8182274037859,1.2661401529397,0.0501441644728595,1.06556349504826,47.7999247837533
26,4,47.3981191222571,1.49216300940439,0,0.952978056426332,50.1567398119122
26,6,47.2972972972973,1.06356356356356,0.0375375375375375,0.738238238238238,50.8508508508509
26,5,50.5575742388172,1.40333291567473,0.0250595163513344,0.977321137702042,47.0367121914547
26,7,46.282131661442,1.30407523510972,0.0125391849529781,0.777429467084639,51.6112852664577
27,2,74.1798146756825,1.80315552216379,0.0125219133483596,1.10192837465565,22.9025795141498
27,3,49.0048817123545,1.02641131555889,0,0.863687570409313,49.1050194016773
27,1,50.0501253132832,0.87719298245614,0.012531328320802,0.726817042606516,48.3333333333333
27,4,50.1190625391653,1.35355307682667,0,0.864770021305928,47.6626143627021
27,6,46.4308116923849,1.15418391669803,0,0.690001254547736,51.7250031363693
27,5,47.8304489591171,1.39202407825433,0,1.11612741409581,49.648858791071
27,7,47.6840260390586,1.31447170756134,0,1.00150225338007,50
28,2,72.3086574654956,1.79422835633626,0.0125470514429109,1.06649937264743,24.8180677540778
28,3,49.8682394277827,0.853306562931359,0,0.627431296273058,48.6510227130129
28,1,45.1248588279583,1.53093236290626,0,0.778014807378592,52.5661940017568
28,4,48.5811150175791,1.19286790557509,0,1.01707684580613,49.2089402310397
28,6,47.024182433279,1.19032702668838,0,0.689136699661697,51.0963538403709
28,5,48.559619238477,1.26503006012024,0,1.02705410821643,49.1482965931864
28,7,48.5710704437202,1.06542993231386,0.0125344697919278,0.701930308347957,49.6365003760341
29,2,74.5675607921785,1.74229130107796,0.0376034093757834,1.02782652293808,22.6247179744297
29,3,48.4186746987952,1.17971887550201,0,0.953815261044177,49.4477911646586
29,1,48.6506840717962,1.41835069662357,0,1.05434919041044,48.8766160411698
29,4,51.6848302643117,1.01465614430665,0.0125266190655142,0.914443191782538,46.3735437805336
29,6,51.9819932474678,0.812804801800675,0.0125046892584719,0.562711016631237,46.6299862448418
29,5,46.8031654314785,1.48222585102374,0,1.03002135410124,50.6845873633966
29,7,45.8286287793251,1.24200225818592,0.0125454773554134,0.978547233722243,51.9382762514114
30,2,77.1277931207632,1.49384885764499,0,0.928948029123776,20.449409992468
30,3,44.4444444444444,1.27771514468245,0.0250532381310284,1.10234247776525,53.1504446949768
30,1,49.060621242485,1.32765531062124,0,0.713927855711423,48.8977955911824
30,4,48.3337509396141,1.39062891505888,0,0.839388624404911,49.4362315209221
30,6,46.4411027568922,1.17794486215539,0,0.764411027568922,51.6165413533835
30,5,48.6527133726031,1.34102017796716,0,1.15302669507457,48.8532397543552
30,7,49.3670886075949,1.10289509963655,0.062664494297531,0.751973931570372,48.7028449680411
31,2,73.3441842994867,1.61512457743834,0.0125203455615375,1.13935144609991,23.8888193314135
31,3,49.5981918633852,1.14264188849824,0,0.77850326469111,48.4806629834254
31,4,49.6990972918756,1.24122367101304,0,0.890170511534604,48.1695085255767
31,1,45.4887689797967,1.25486259254612,0.0125486259254612,0.790563433304053,52.4407077425022
31,6,50.40691123075,0.826342807061475,0.05008138224615,0.713659697007637,48.0030048829348
31,5,45.7092599572811,1.4825983163714,0,1.13079532604599,51.6647820077899
31,7,46.6031586863876,1.30358485836049,0.0376034093757834,0.864878415643018,51.1907746302331
32,2,74.6111389864526,1.7686904164576,0,1.05368790767687,22.5664826894129
32,3,49.573400250941,0.928481806775408,0,0.853199498117942,48.6323713927227
32,4,44.9164257886138,1.29445771019228,0,0.942566293829333,52.8339826567802
32,1,46.1519177738782,1.42892955627977,0.0125344697919278,1.05289546252194,51.3411882677363
32,6,46.3927855711423,1.07715430861723,0,0.801603206412826,51.7284569138277
32,7,50.9708129775774,0.952023048979081,0.0250532381310284,0.939496429913566,47.112614305399
32,5,46.8298807281858,1.3308223477715,0,1.16760828625235,50.6716886377903
33,2,74.1279799247177,1.54328732747804,0,0.991217063989962,23.3249686323714
33,3,52.4912368552829,0.826239359038558,0,0.676014021031547,45.9939909864797
33,4,48.1802208835341,1.30522088353414,0,0.928714859437751,49.585843373494
33,1,46.2828535669587,1.30162703379224,0,0.888610763454318,51.5269086357947
33,6,47.8837966441272,1.06436263461057,0,0.864012021036814,50.1878287002254
33,7,46.2550100200401,1.29008016032064,0.0125250501002004,1.05210420841683,51.3902805611222
33,5,47.9779641918117,1.33967697508451,0,1.02666833604607,49.6556904970577
34,2,72.0863128842052,1.54309371471584,0.0501819094216535,0.890728892234349,25.4296825994229
34,3,47.161517206732,1.21828686259734,0,1.02989198693796,50.5903039437327
34,4,48.3134796238244,1.09090909090909,0,1.00313479623824,49.5924764890282
34,1,49.3669299235302,1.10317161840291,0,0.940203083866115,48.5896953742008
34,6,45.9872292475272,1.11431075497684,0,0.663578314761487,52.2348816827344
34,7,47.8021289918597,0.989355040701315,0.0375704445835942,0.851596743894803,50.3193487789606
34,5,47.608286252354,1.45637162586315,0,1.05461393596987,49.8807281858129
35,2,69.8861503815839,1.67646690854498,0.0125109470786939,0.863255348429876,27.5616164143626
35,3,47.9689067201605,1.17853560682046,0,0.802407221664995,50.0501504513541
35,1,46.3130173062453,1.49235013794833,0,0.852771507399047,51.3293202909456
35,4,50.3630445668503,0.963945918878317,0.0125187781672509,0.838758137205809,47.8217325988984
35,6,49.3923067284801,1.01491041222904,0.0250595163513344,0.7643152487157,48.8034080942238
35,7,49.6239659062422,1.02782652293808,0,0.902481825018802,48.4457257458009
35,5,47.6214384335383,1.36814359231831,0,0.840968997113091,50.1694489770302
36,2,70.6479508710365,1.75460584033087,0.0125328988595062,0.977566111041484,26.6073442787317
36,3,47.4858934169279,1.09090909090909,0,0.689655172413793,50.7335423197492
36,4,50.4887218045113,1.12781954887218,0,0.827067669172932,47.5563909774436
36,1,51.6908817635271,0.901803607214429,0,0.839178356713427,46.5681362725451
36,7,47.3941981665202,1.18045962576918,0.0125580811252041,0.891623759889489,50.521160366696
36,6,50.7511266900351,1.01402103154732,0.0125187781672509,0.763645468202304,47.4586880320481
36,5,45.3211239337682,1.5805318615153,0,1.39237330657301,51.7059708981435
37,2,74.5826534454625,1.82000753106565,0,1.1045562947157,22.4927827287561
37,3,47.7847309136421,1.08886107634543,0,1.08886107634543,50.0375469336671
37,4,48.4654891644745,1.17750219215834,0.0125266190655142,1.03970938243768,49.304772641864
37,1,45.826021559288,1.37879167711206,0,1.1281022812735,51.6670844823264
37,6,49.247554552295,0.852771507399047,0,0.752445447705041,49.1346877351392
37,7,48.2214428857715,1.08967935871743,0,0.93937875751503,49.7369739478958
37,5,49.4550920706501,1.35287485907554,0.0125266190655142,0.964549668044595,48.2024301640987
38,2,72.1595184349135,1.65537998495109,0,1.10358665663406,25.0815149235014
38,3,47.7198697068404,1.21523427712353,0,0.814332247557003,50.2505637684791
38,4,46.2291379093989,1.49328648512988,0,0.928598318484126,51.3489772869871
38,1,47.1915747241725,1.25376128385155,0.0125376128385155,0.902708124373119,50.6394182547643
38,7,48.9313835770529,1.17485314335708,0.0124984376952881,1.0498687664042,48.8313960754906
38,6,52.1619250532648,0.877302920165434,0,0.651710740694323,46.3090612858754
38,5,47.63335837716,1.45254194840972,0,1.10192837465565,49.8121712997746
39,2,75.1033705049493,1.25297581756672,0,0.939731863175041,22.703921814309
39,3,46.9334002257619,1.15389439357833,0,0.8277938040888,51.0849115765709
39,4,48.6083249749248,1.30391173520562,0,1.14092276830491,48.9468405215647
39,1,47.8200778992336,1.16848850358085,0.0125643925116221,0.79155672823219,50.2073124764418
39,7,45.5966975231424,1.16337252939705,0.0125093820365274,0.975731798849137,52.2516887665749
39,6,51.8018018018018,0.813313313313313,0.0125125125125125,0.838338338338338,46.534034034034
39,5,46.6775325977934,1.41675025075226,0,0.92778335005015,50.9779338014042
40,2,72.7877494665495,1.70704154637881,0,1.07945274256307,24.4257562445086
40,3,52.1151439299124,0.81351689612015,0,0.675844806007509,46.3954943679599
40,4,45.8761594384558,1.25344697919278,0,0.902481825018802,51.9679117573327
40,1,51.1216944479258,0.99009900990099,0,0.701842336132347,47.1863642060409
40,7,45.3268096851085,1.45527537322795,0.0125454773554134,0.840546982812696,52.3648224814954
40,6,47.6387323061506,0.989602906175623,0,0.688964048603282,50.6827007390705
40,5,48.6774476620283,1.41657264635828,0.0376081233546446,0.852450796038611,49.0033847311019
41,2,73.8361149454135,1.60622411845903,0.0125486259254612,1.04153595181328,23.5035763583888
41,3,47.189460476788,1.0288582183187,0,0.95357590966123,50.8155583437892
41,4,47.4523092369478,1.28012048192771,0.0125502008032129,1.15461847389558,50.1004016064257
41,1,47.3116931946359,1.16555959393408,0,0.814638425867903,50.6955758867026
41,6,49.3745308981736,1.11333500125094,0,0.775581686264698,48.7365524143107
41,7,47.5635725917575,1.31529500187899,0,0.952023048979081,50.1691093573844
41,5,48.6777791703221,1.26582278481013,0,0.99009900990099,49.0662990349668
42,2,70.8484772527886,1.79220453690939,0,0.877302920165434,26.4820152901366
42,3,49.6428123825041,1.04023060533901,0,0.676776538413335,48.6401804737436
42,4,47.9347143753923,1.19271814187068,0.0125549278091651,0.841180163214062,50.0062774639046
42,1,48.1504702194357,1.26645768025078,0,1.07836990595611,49.5047021943574
42,7,50.6321191638503,0.963825259732132,0.0125172111653524,0.951308048566779,47.4402303166854
42,6,48.1500062711652,1.06609808102345,0,0.639658848614073,50.1442367991973
42,5,44.8085373509102,1.53170119271814,0,0.979284369114878,52.6804770872567
43,2,73.4422110552764,1.48241206030151,0.0125628140703518,1.13065326633166,23.9195979899498
43,3,46.931090749341,1.12965984686833,0,0.715451236349944,51.2237981674407
43,4,47.3248966294951,1.34068412479639,0,1.17779726851272,50.1566219771958
43,6,50.8642284569138,1.02705410821643,0,0.663827655310621,47.4448897795591
43,1,47.0447985945539,1.40544610365165,0,0.840757937005898,50.7089973647886
43,7,45.6529920963493,1.16672939405344,0.0125454773554134,0.940910801656003,52.2268222305859
43,5,47.7458244380259,1.45673741052367,0,1.15534346351877,49.6420946879317
44,2,74.7430433692655,1.65455001253447,0.0125344697919278,1.11556781148157,22.4743043369265
44,3,49.1399874450722,1.12994350282486,0.0251098556183302,0.778405524168236,48.9265536723164
44,4,48.5342019543974,1.26534703081934,0,0.814332247557003,49.3861187672263
44,7,46.7545511613308,1.14249843063402,0,1.0797237915882,51.0106716886378
44,1,46.3341270835944,1.30342148138865,0.062664494297531,0.839704223586916,51.4600827171325
44,6,51.2210394489668,0.914214151534126,0.0375704445835942,0.663744520976832,47.1634314339386
44,5,43.8730716167064,1.55524896525774,0,1.01592875956353,53.5432083281074
45,2,74.4795585653373,1.58013544018059,0.0250815149235014,1.25407574617507,22.6611487333835
45,3,51.408538875673,1.001627644923,0,0.626017278076875,46.9638162013272
45,4,48.6730095142714,1.4021031547321,0,0.913870806209314,49.0110165247872
45,6,47.3624859040221,1.16526751033705,0.0125297581756672,0.463601052499687,50.9835860167899
45,7,46.2463967915779,1.27835568366963,0.0375986965785186,1.10289509963655,51.3347537285374
45,1,52.3618594161133,0.839493797769703,0,0.826964039594036,45.971682746523
45,5,45.0987794136152,1.54775386938467,0,1.11991946646533,52.2335472505348
46,2,73.4486649116209,1.75504575655008,0,1.27867619405792,23.5176131377711
46,3,47.8675363773206,0.97842448569995,0,0.852985449071751,50.3010536879077
46,4,48.9532405666291,1.1783878651122,0,1.05302745393005,48.8153441143287
46,7,48.9019952315222,1.09173045551512,0.0250972518509223,0.878403814782281,49.1027732463295
46,1,46.2088877730354,1.25533517449159,0.0125533517449159,0.866181270399197,51.6570424303289
46,6,47.5288509784245,1.25439036628199,0,0.602107375815354,50.6146512794782
46,5,52.1891418563923,1.15086314736052,0,0.825619214410808,45.8343757818364
47,2,70.9620698317006,1.58251695553881,0.0376789751318764,0.992213011806079,26.4129615674454
47,3,49.5855312735494,1.05501130369254,0,0.778698819392112,48.5681989449887
47,4,44.8362404316727,1.41799472957711,0,0.941146944409587,52.8046178943406
47,7,46.883230904302,1.30440235795811,0.0125423303649818,1.07864041138844,50.7211839959865
47,6,48.426726839664,1.15331578287577,0,0.664410179265388,49.7430111570766
47,1,47.2006025608838,1.20512176751193,0,1.06703489831785,50.5272407732865
47,5,49.1559334750531,1.06289858697011,0.0125046892584719,1.06289858697011,48.6932599724897
48,2,72.2194325885011,1.73236254079839,0.0125533517449159,1.16746171227718,24.8681898066784
48,3,49.3491864831039,1.10137672090113,0,0.750938673341677,48.7984981226533
48,4,46.4850615114236,1.33065528496108,0,1.12980165704243,51.0544815465729
48,6,49.0372593148287,1.2128032008002,0,0.812703175793948,48.9372343085771
48,1,46.124905944319,1.32932029094557,0,1.01580135440181,51.5299724103336
48,7,46.2329196439764,1.25360411182149,0.0125360411182149,1.09063557728469,51.397768584681
48,5,50.0501002004008,1.37775551102204,0,0.839178356713427,47.7329659318637
49,3,45.2061661862389,1.14049379621506,0,0.827171324727409,52.8261686928186
49,2,70.7559015570065,1.94625816172777,0.0125565042692115,1.18031140130588,26.1049723756906
49,4,50.2823440833229,0.991341448111432,0,0.890952440707742,47.8353620278579
49,6,49.4666833981679,1.0666332036642,0.0501945037018446,0.690174425900364,48.7263144685657
49,7,49.7932071688181,0.977566111041484,0.0125328988595062,0.877302920165434,48.3268580022559
49,1,50,1.37775551102204,0,1.08967935871743,47.5200400801603
49,5,47.7204408817635,1.42785571142285,0,0.989478957915832,49.8622244488978
50,2,72.2967046735998,1.51610073925573,0.0125297581756672,0.98985089587771,25.1848139330911
50,3,44.9222668004012,1.31644934804413,0,0.915245737211635,52.846038114343
50,4,45.0238154926047,1.3537227375282,0.0125344697919278,1.09049887189772,52.5068939583856
50,6,44.0888554216867,1.14206827309237,0,0.539658634538153,54.2294176706827
50,7,48.6736736736737,1.17617617617618,0,0.713213213213213,49.4369369369369
50,1,50.2567313713212,1.07701941139637,0.0250469630557295,0.826549780839073,47.8146524733876
50,5,46.2001504890895,1.22899423125157,0.0125407574617507,0.965638324554803,51.5926761976423
51,2,70.2124984282661,1.64717716584937,0.0251477429900666,1.2448132780083,26.8703633848862
51,3,48.0778894472362,1.03015075376884,0,0.954773869346734,49.9371859296482
51,4,48.8602204408818,1.30260521042084,0,0.839178356713427,48.997995991984
51,6,46.2733308280095,0.901916572717024,0.0125266190655142,0.400851810096455,52.4113741701115
51,7,44.6450965638325,1.10358665663406,0.0250815149235014,1.25407574617507,52.9721595184349
51,1,48.4901641398321,1.15273775216138,0,0.714196216013031,49.6429018919935
51,5,47.544475068905,1.32798797293911,0,1.03983963918817,50.0751691305437
52,2,76.6754353000125,1.49066766879619,0.0125266190655142,1.02718276337217,20.7941876487536
52,3,50.7518796992481,0.952380952380952,0,0.6265664160401,47.6691729323308
52,4,45.8463851647663,1.4910412229044,0,1.24044605939105,51.4221275529382
52,7,45.8490092801605,0.990719839478304,0,0.802608477552044,52.3576624028091
52,6,51.5765765765766,0.888388388388388,0,0.675675675675676,46.8593593593594
52,1,45.1196591905776,1.32815436662072,0,0.889612830472372,52.6375140959779
52,5,45.9205414212307,1.52901366085976,0,0.939967414462965,51.6104775034465
53,2,74.171686746988,1.50602409638554,0.0125502008032129,1.05421686746988,23.2555220883534
53,3,45.7673951268525,1.117809595579,0,0.841497111278573,52.2607385079126
53,4,49.8061288305191,1.30081300813008,0.0125078173858662,0.838023764853033,48.0425265791119
53,7,45.3737323150119,1.37723801176912,0.0125203455615375,0.913985225992237,52.3225241016652
53,6,48.1347020530796,1.06409614421632,0,0.676014021031547,50.1251877816725
53,1,48.4598046581518,1.15201602804909,0.0125219133483596,0.788880540946657,49.5867768595041
53,5,47.4550710066608,1.30702526077667,0.0251351011687822,1.01797159733568,50.1822294834737
54,2,77.5995990979704,1.82911550989727,0,1.08995239288399,19.4813329992483
54,3,51.9558676028084,0.852557673019057,0.0125376128385155,0.626880641925777,46.5521564694082
54,4,49.2353973426924,1.3537227375282,0,1.05289546252194,48.3454499874655
54,7,43.812625250501,1.59068136272545,0.0125250501002004,0.889278557114228,53.6823647294589
54,6,45.1314142678348,1.03879849812265,0,0.725907384230288,53.1038798498123
54,1,49.0722166499499,1.10330992978937,0,0.890170511534604,48.9343029087262
54,5,46.5829145728643,1.53266331658291,0,1.0929648241206,50.7914572864322
55,2,76.9433299899699,1.42928786359077,0,1.06569709127382,20.5616850551655
55,3,48.4085213032581,0.989974937343358,0,0.839598997493734,49.749373433584
55,4,49.2481203007519,1.2406015037594,0,1.10275689223058,48.4085213032581
55,7,49.7244488977956,0.989478957915832,0,0.814128256513026,48.4594188376754
55,6,47.1856587689608,0.940203083866115,0,0.564121850319669,51.3100162968535
55,1,47.8670012547051,1.3801756587202,0,0.915934755332497,49.8368883312422
55,5,45.2934523061455,1.58351137363328,0,1.06824179967324,52.0547945205479
56,2,69.3556506418324,1.88774226025673,0.0125849484017116,1.35917442738485,27.3848477221243
56,3,46.1258776328987,1.50451354062187,0.0376128385155466,0.890170511534604,51.4418254764293
56,4,47.1127290986693,1.39342204368566,0,1.09214160180768,50.4017072558373
56,7,47.0374089881999,1.20512176751193,0.0125533517449159,0.790861159929701,50.9415013808687
56,6,50.457450808372,0.927434515603459,0.0250657977190124,0.62664494297531,47.9634039353302
56,1,50.0375751503006,1.21492985971944,0,0.826653306613226,47.9208416833667
56,5,48.9916071652261,1.36540147814105,0,0.889389953651509,48.7536014029813
57,2,73.6908043096968,1.79153094462541,0,1.08995239288399,23.4277123527938
57,3,45.9974905897114,1.29234629861982,0,1.05395232120452,51.6562107904642
57,4,51.6165413533835,1.17794486215539,0,0.914786967418546,46.2907268170426
57,6,47.4978050921861,1.07864041138844,0,0.765082152263891,50.6584723441615
57,7,44.491790951247,1.31595438024815,0,0.802105527008397,53.3776162426369
57,1,49.3729621269125,1.26661650363682,0,0.953097567093052,48.4073238023577
57,5,47.5294707800351,1.68046149987459,0,1.27915726109857,49.5109104589917
58,2,74.0127867619406,1.56700513977686,0.0125360411182149,1.07809953616648,23.3295725209979
58,3,46.9881026925485,1.18973074514715,0,0.914214151534126,50.9079524107702
58,4,48.6412022542267,1.37758296806512,0,1.00187852222918,48.9668127739512
58,6,45.5653266331658,1.11809045226131,0,0.741206030150754,52.5753768844221
58,7,48.4658735128366,0.926737633061991,0.0125234815278647,0.788979336255479,49.8058860363181
58,1,47.3730297723292,1.37603202401801,0,0.813109832374281,50.4378283712785
58,5,47.9284015521342,1.50206533984228,0,1.10151458255101,49.4680185254725
59,2,75.9959909797043,1.39062891505888,0.0125281884239539,0.889501378100727,21.7113505387121
59,3,44.7824993713855,1.34523510183555,0,0.980638672366105,52.8916268544129
59,4,47.2389558232932,1.22991967871486,0.0502008032128514,1.1671686746988,50.3137550200803
59,7,47.551045972692,1.25266190655142,0.0125266190655142,0.839283477389453,50.3444820243016
59,6,50.0500876533934,1.08940646130729,0,0.738792887553218,48.1217129977461
59,5,50.9090909090909,1.141065830721,0,0.777429467084639,47.1724137931034
59,1,47.1164719185827,1.45746953134816,0,1.11823093353436,50.2952632240231
60,2,75.4416739756923,1.66645783736374,0,1.06502944493171,21.8268387420123
60,3,45.4055409301743,1.2661401529397,0,0.789770590447537,52.5385483264385
60,4,50.0876753507014,1.13977955911824,0,0.764028056112224,48.0085170340681
60,7,49.3674057371915,1.16497557309282,0,0.839283477389453,48.6283352123262
60,6,45.372460496614,1.44218710810133,0,0.940556809631302,52.2447955856534
60,5,48.1778334376957,1.39010644959299,0,0.864120225422668,49.5679398872887
60,1,46.5512916980186,1.32932029094557,0,0.790067720090293,51.3167795334838
61,2,31.023681242952,1.00238065405338,0,0.488660568851021,67.4852775341436
61,3,15.4463390170512,0.5641925777332,0.0250752256770311,0.501504513540622,83.462888665998
61,4,10.7617138561764,0.538712102230018,0.0250563768479078,0.338261087446755,88.323728388875
61,7,19.7468988848515,0.651547425134695,0.0125297581756672,0.438541536148352,79.1504823956898
61,6,13.8073739653875,0.526711813393529,0,0.225733634311512,85.4401805869074
61,5,24.2541990473803,0.789671596891451,0,0.576585610428679,74.3795437452996
61,1,19.4016773062962,0.663412191763675,0,0.47565402428339,79.4592564776568
62,2,73.5319894829097,3.23024915487667,0.0125203455615375,0.6009765869538,22.6242644296983
62,3,46.3744520976832,3.6944270507201,0.0125234815278647,0.876643706950532,49.0419536631183
62,4,47.0071527167775,3.52616388505459,0,1.01643869996235,48.4502446982055
62,7,46.4478135571983,3.00714196216013,0,0.826964039594036,49.7180804410475
62,6,45.8688032048072,3.02954431647471,0.0125187781672509,0.463194792188282,50.6259389083625
62,5,45.7454819277108,3.36345381526104,0.0125502008032129,0.941265060240964,49.9372489959839
62,1,47.9414341133775,2.90326617444625,0.0125140783381304,0.650732073582781,48.4920535602553
63,2,72.6439954824947,1.85719663696825,0.0250972518509223,1.30505709624796,24.1686535324382
63,3,50.6892230576441,0.902255639097744,0.025062656641604,0.714285714285714,47.6691729323308
63,4,45.9957388143878,1.51648076200025,0.062664494297531,1.07782930191753,51.3472866273969
63,7,45.4968553459119,1.24528301886792,0.050314465408805,1.0188679245283,52.188679245283
63,6,52.5234815278647,1.00187852222918,0.0250469630557295,0.50093926111459,45.9486537257358
63,5,50.7142857142857,1.15288220551378,0.012531328320802,0.776942355889724,47.3308270676692
63,1,49.1474423269809,1.35406218655968,0.0125376128385155,0.827482447342026,48.6584754262788
64,2,72.9546311423904,1.63378157597084,0,0.766620585647857,24.644966695991
64,3,47.5257472996734,1.26852549610651,0.0125596583772921,0.979653353428787,50.213514192414
64,4,51.5959444235824,1.12654900488171,0.0125172111653524,0.650894980598323,46.6140943797722
64,7,49.6614844533601,1.1283851554664,0.0125376128385155,0.915245737211635,48.2823470411234
64,6,48.402055395413,1.15302669507457,0.0125328988595062,0.839704223586916,49.5926807870661
64,5,49.5855312735494,1.33132378799297,0,1.14292891233358,47.9402160261241
64,1,45.5926670015068,1.63234555499749,0,1.18031140130588,51.5946760421899
65,2,72.4207095399273,1.74250971543187,0.0250720822364297,1.0154193305754,24.796289331829
65,3,47.6554663991976,1.35406218655968,0.0250752256770311,0.952858575727182,50.0125376128385
65,4,49.1346877351392,1.22899423125157,0.0250815149235014,0.978179082016554,48.6330574366692
65,7,47.6238244514107,1.37931034482759,0.0125391849529781,0.877742946708464,50.1065830721003
65,5,51.4156852919068,1.2778752192433,0,0.776747682285142,46.5296918065648
65,6,50.2001501125844,1.02576932699525,0.0125093820365274,0.788091068301226,47.9734801100826
65,1,47.5545522949586,1.26661650363682,0.0250815149235014,0.764986205166792,50.3887634813143
66,2,71.7990478576798,1.9293410172889,0,1.30293159609121,24.9686795289401
66,3,50.8961022684547,1.16555959393408,0.0125328988595062,0.789572628148891,47.1236997117433
66,4,49.1527551148488,1.17986695117359,0.0125517760763148,0.853520773189406,48.8013053847119
66,7,48.47801578354,1.05223600150319,0.0125266190655142,0.939496429913566,49.5177251659777
66,5,49.7865394274234,1.48166750376695,0.0251130085384229,0.991963837267705,47.7147162230035
66,6,50.4008016032064,0.964428857715431,0,0.789078156312625,47.8456913827655
66,1,46.9613259668508,1.55700652938222,0.0125565042692115,0.941737820190859,50.5273731793069
67,2,73.8175887592523,1.73127587504705,0.0125454773554134,1.11654748463179,23.3220424037135
67,3,50.0939496429914,1.25266190655142,0,0.851810096454967,47.8015783540023
67,4,51.1592931445043,1.36608597568618,0.0125328988595062,0.965033212181978,46.497054768768
67,7,51.4529058116232,1.06462925851703,0.0375751503006012,0.95190380761523,46.4929859719439
67,5,48.1448984707947,1.65455001253447,0.0125344697919278,0.977688643770368,49.2103284031085
67,6,47.3605015673981,1.01567398119122,0.0250783699059561,0.714733542319749,50.871473354232
67,1,43.9824120603015,1.82160804020101,0.0125628140703518,1.05527638190955,53.1281407035176
68,2,76.1253918495298,1.79310344827586,0.0501567398119122,1.25391849529781,20.7774294670846
68,3,52.3159739609414,0.85127691537306,0.0250375563345018,0.650976464697046,46.156735102654
68,4,50.4511278195489,1.34085213032581,0.025062656641604,0.952380952380952,47.2305764411028
68,7,47.019701342703,1.38034885180073,0.0125486259254612,0.96624419626051,50.6211569833103
68,6,49.6681277395116,1.05197244834064,0.0125234815278647,0.751408891671885,48.5034439574202
68,5,46.320944249121,1.48166750376695,0.0125565042692115,1.0924158714214,51.0924158714214
68,1,46.4711044252225,1.29121223517613,0,0.90259496051147,51.3350883790899
69,2,76.8468581462436,1.56779129562273,0.0752539821898909,1.04101342029349,20.4690831556503
69,3,50.3381763527054,1.18987975951904,0.0250501002004008,0.851703406813627,47.5951903807615
69,4,49.2984214482586,1.22776246554748,0.0125281884239539,1.1400651465798,48.3212227511902
69,7,49.2278719397363,1.25549278091651,0.0251098556183302,0.816070307595731,48.6754551161331
69,6,49.8685692827638,0.951308048566779,0.0125172111653524,0.650894980598323,48.5167104769057
69,5,46.5712132629992,1.40668173825672,0.0251193167545843,1.16804822908817,50.8289374529013
69,1,46.9997489329651,1.38086869194075,0.0251067034898318,0.891287973889028,50.7029876977153
70,2,70.5136255180208,1.79580560090418,0.0125580811252041,1.04232073339194,26.6356900665578
70,3,51.4146219328994,0.988983475212819,0.0125187781672509,0.650976464697046,46.9328993490235
