moment,node,user,system,iowait,softirq,idle
1,1,0.0624531601299026,0.0124906320259805,0,0,99.9250562078441
1,3,0.062445360309729,0.0249781441238916,0,0,99.9125764955664
1,6,0.0374812593703148,0,0.0124937531234383,0,99.9500249875063
1,5,0.0500062507813477,0.0125015626953369,0,0,99.9374921865233
1,7,0.0249843847595253,0.0374765771392879,0,0,99.9375390381012
1,2,0.0374765771392879,0.0374765771392879,0,0,99.9250468457214
1,4,0.0374625374625375,0.0124875124875125,0.0124875124875125,0,99.9375624375624
2,5,0.0375093773443361,0,0,0,99.9624906226557
2,1,3.32043440269629,1.02359256022968,0,0.037448508301086,95.6185245287729
2,3,0.087379852702534,0.024965672200724,0,0,99.8876544750967
2,6,0.062445360309729,0.0249781441238916,0,0,99.9125764955664
2,7,0.0749718855429214,0.0624765712857678,0.0374859427714607,0.0124953142571536,99.8125702861427
2,2,0.0499438132101386,0.0249719066050693,0.0124859533025346,0,99.9125983268823
2,4,0.312343828085957,0.337331334332834,0,0.0374812593703148,99.3128435782109
3,5,3.78892084531699,0.812804801800675,0,0.0250093785169439,95.3732649743654
3,1,10.875,0.925,0.05,0,88.15
3,3,4.67324753217543,0.924653255029364,0.0499812570286143,0.0124953142571536,94.3396226415094
3,6,4.57728864432216,0.900450225112556,0.0375187593796898,0.0250125062531266,94.4597298649325
3,7,10.9331998999249,1.46359769827371,0.0125093820365274,0.0250187640730548,87.5656742556918
3,2,4.20105026256564,0.887721930482621,0,0.0250062515628907,94.8862215553888
3,4,4.46082718980382,1.0496063976009,0,0.0124953142571536,94.4770710983381
4,5,21.211362783131,1.58928794894256,0.0250281566762608,0.0375422350143912,77.1367788762358
4,6,21.2212589521297,1.88465887674331,0.0125643925116221,0.0502575700464883,76.8312602085689
4,1,18.8445667125172,1.47555333249969,0.0375140677754158,0.0250093785169439,79.6173565086908
4,3,20.0426171972926,1.51667084482326,0,0.0376034093757834,78.4031085485084
4,7,23.9505247376312,2.01149425287356,0.0124937531234383,0.0374812593703148,73.9880059970015
4,4,20.1853243175557,1.59028299524167,0.0250438266967193,0.0375657400450789,78.1617831204608
4,2,19.8391757758512,1.7087573815806,0.326674205302174,0.0251287850232441,78.1002638522427
5,6,63.6614074630604,3.24317555722514,0.0125219133483596,0.150262960180316,32.9326321061858
5,5,65.1081385173147,2.80035004375547,0.0125015626953369,0.287535941992749,31.7914739342418
5,3,62.5501002004008,2.91833667334669,0.0250501002004008,0.237975951903808,34.2685370741483
5,7,86.2720560630709,3.04092103616569,0.0125140783381304,0.32536603679139,10.3491427856338
5,1,62.3498498498498,3.07807807807808,0.0125125125125125,0.225225225225225,34.3343343343343
5,4,63.5942391984972,2.95554164057608,0.0125234815278647,0.100187852222918,33.337507827176
5,2,62.6174076393237,2.91797119599249,0.0250469630557295,0.212899185973701,34.2266750156544
6,3,60.2576932699525,1.66374781085814,0,0.162621966474856,37.9159369527145
6,5,59.5068218800851,1.56465139566904,0,0.200275378645638,38.7282513456002
6,6,59.513967180258,1.71614681197545,0,0.187899285982713,38.5819867217838
6,7,89.4144144144144,4.04154154154154,0,0.312812812812813,6.23123123123123
6,1,60.5160967054992,1.84141300263059,0,0.162846047851685,37.4796442440185
6,4,59.0772316950853,1.81795386158475,0,0.162988966900702,38.9418254764293
6,2,59.9375390381012,1.61149281698938,0.0124921923797626,0.174890693316677,38.263585259213
7,3,61.1938430734576,1.98973845576273,0.0500563133525216,0.100112626705043,36.6662495307221
7,5,60.9972506873282,1.96200949762559,0.0124968757810547,0.262434391402149,36.765808547863
7,6,60.9603601350506,2.10078779542328,0.0125046892584719,0.187570338877079,36.7387770413905
7,1,61.1527881970493,2.16304076019005,0.0125031257814454,0.200050012503126,36.4716179044761
7,7,86.0683439729628,2.21554637626737,0,0.362999123795218,11.3531105269746
7,4,60.7433362532849,2.18996370917282,0.0125140783381304,0.175197096733826,36.8789888624703
7,2,61.2188712301339,1.86459767238143,0.0125140783381304,0.250281566762608,36.6537354523839
8,3,55.5222013758599,1.63852407754847,0.0250156347717323,0.187617260787992,42.6266416510319
8,5,56.3954943679599,1.65206508135169,0,0.125156445556946,41.8272841051314
8,7,88.6125,2.9375,0.025,0.35,8.075
8,6,56.6120355310897,1.45126986112849,0,0.150131364944326,41.7865632428375
8,4,56.4439439439439,1.51401401401401,0.0875875875875876,0.187687687687688,41.7667667667668
8,1,57.50250501002,1.36523046092184,0.175350701402806,0.275551102204409,40.6813627254509
8,2,56.3570446305788,1.35016877109639,0.0500062507813477,0.200025003125391,42.0427553444181
9,3,59.0311678558017,0.751032669921142,0.0125172111653524,0.187758167480285,40.0175240956315
9,5,58.0592722270852,1.13792672252095,0.0125046892584719,0.162560960360135,40.6277354007753
9,6,59.2523130782696,0.950237559389847,0.0125031257814454,0.200050012503126,39.584896224056
9,7,85.8358358358358,1.75175175175175,0.325325325325325,0.3003003003003,11.7867867867868
9,4,57.6701701701702,0.825825825825826,0.025025025025025,0.175175175175175,41.3038038038038
9,1,60.2200275034379,1.00012501562695,0.300037504688086,0.300037504688086,38.1797724715589
9,2,57.3448448448448,0.738238238238238,0,0.112612612612613,41.8043043043043
10,5,61.634747778195,0.876204781574665,0.2628614344724,0.187758167480285,37.0384278382776
10,3,60.1375859912445,0.675422138836773,0.26266416510319,0.150093808630394,38.7742338961851
10,7,88.2242522838193,0.963584032036041,0,0.425478663496433,10.3866850206482
10,6,59.7724146554958,0.737776666249844,0.300112542203326,0.212579717394023,38.977116418657
10,4,61.8309154577289,0.925462731365683,0.362681340670335,0.325162581290645,36.5557778889445
10,1,57.7394348587147,0.787696924231058,0.0250062515628907,0.237559389847462,41.2103025756439
10,2,62.0508326029798,0.9014648804307,0.025040691123075,0.175284837861525,36.8473769876049
11,3,56.9211514392991,0.588235294117647,0,0.175219023779725,42.3153942428035
11,5,57.616308154077,0.650325162581291,0,0.162581290645323,41.5707853926964
11,7,89.1817613991255,1.17426608369769,0.23735165521549,0.399750156152405,9.00687070580887
11,4,58.422041327489,0.726361928616155,0,0.200375704445836,40.651221039449
11,6,57.8381083448017,0.600525459777305,0.0250218941573877,0.237707994495183,41.2986363067684
11,1,57.5931948961721,0.725544158118589,0.187640730547911,0.237678258694021,41.2559419564674
11,2,56.9873639434505,0.71312398348555,0,0.212686100337796,42.0868259727261
12,3,62.3061530765383,0.625312656328164,0.0250125062531266,0.137568784392196,36.9059529764882
12,5,63.0611479304739,0.675253219957484,0.0250093785169439,0.162560960360135,36.0760285106915
12,7,84.67983991996,1.02551275637819,0,0.375187593796898,13.9194597298649
12,4,62.4203025378172,0.750093761720215,0.0125015626953369,0.212526565820728,36.6045755719465
12,1,62.1371371371371,0.675675675675676,0.0125125125125125,0.15015015015015,37.0245245245245
12,2,61.7260787992495,0.813008130081301,0.0125078173858662,0.175109443402126,37.2732958098812
12,6,62.2297212848394,0.724909386326709,0.0124984376952881,0.174978127734033,36.8578927634046
13,5,62.1716287215412,0.788091068301226,0.0250187640730548,0.225168876657493,36.7900925694271
13,7,91.3625,1.0875,0,0.4,7.15
13,3,59.8523708244714,0.588014512698611,0.0250218941573877,0.187664206180408,39.3469285624922
13,4,61.5182591295648,0.625312656328164,0.0250125062531266,0.237618809404702,37.5937968984492
13,1,61.1437867601051,0.763358778625954,0.0125140783381304,0.200225253410086,37.8801151295207
13,2,60.2352352352352,0.713213213213213,0.0375375375375375,0.137637637637638,38.8763763763764
13,6,61.4836127095321,0.57543157368026,0.0250187640730548,0.100075056292219,37.8158618964223
14,5,58.2791395697849,0.625312656328164,0.0500250125062531,0.162581290645323,40.8829414707354
14,7,91.6312234175632,0.938203652739555,0,0.325243932949712,7.10532899674756
14,3,58.4676915385577,0.687414073240845,0,0.124984376952881,40.7199100112486
14,4,57.9013116801999,0.674578388507183,0.0124921923797626,0.212367270455965,41.1992504684572
14,2,60.25,0.675,0,0.2,38.875
14,1,58.504252126063,0.625312656328164,0,0.200100050025012,40.6703351675838
14,6,59.1147786946737,0.725181295323831,0,0.150037509377344,40.0100025006252
15,7,91.8530551043359,0.87467199800075,0.0124953142571536,0.3498687992003,6.90990878420592
15,4,59.5790001252976,0.664077183310362,0,0.200476130810675,39.5564465605814
15,5,59.9224709265975,0.662748530699012,0.0250093785169439,0.212579717394023,39.1771914467925
15,3,62.6156539134784,0.725181295323831,0.0250062515628907,0.175043760940235,36.4591147786947
15,2,60.4354354354354,0.813313313313313,0.025025025025025,0.262762762762763,38.4634634634635
15,1,60.6901725431358,0.737684421105276,0.0125031257814454,0.250062515628907,38.3095773943486
15,6,60.9353507565337,0.625234462923596,0.0125046892584719,0.250093785169439,38.1768163061148
16,2,56.8372325785062,0.625547353934693,0.0125109470786939,0.150131364944326,42.3745777555361
16,3,44.161040260065,0.450112528132033,0,0.200050012503126,55.1887971992998
16,7,67.3088952833729,0.738145877642938,0.0125109470786939,0.212686100337796,31.7277617915676
16,5,59.4047023511756,0.700350175087544,0.0250125062531266,0.175087543771886,39.6948474237119
16,4,56.7591204397801,0.637181409295352,0.0499750124937531,0.199900049975012,42.3538230884558
16,1,47.625,0.5,0.0875,0.2,51.5875
16,6,48.179201601802,0.525591290201477,0.0125140783381304,0.162683018395695,51.1200100112627
17,7,32.2495935975991,0.587720395148181,0.0500187570338877,0.100037514067775,67.0126297361511
17,2,32.3797626483448,0.449718925671455,0.0124921923797626,0.0624609618988132,67.0955652717052
17,3,25.1282051282051,0.437773608505316,0.0375234521575985,0.0625390869293308,74.3339587242026
17,4,17.6058977883294,0.324878170685993,0.0124953142571536,0.0624765712857678,81.9942521554417
17,5,27.3715785526809,0.399950006249219,0,0.0499937507811524,72.1784776902887
17,1,14.1179410294853,0.262368815592204,0.0249875062468766,0.0499750124937531,85.5447276361819
17,6,23.1509245377311,0.324837581209395,0.0124937531234383,0.0499750124937531,76.4617691154423
18,7,88.962582905769,1.67688649730947,0,0.550619446877737,8.8099111500438
18,2,66.5749656121045,1.28798299362261,0.0125046892584719,0.475178191821933,31.6493685131924
18,3,70.6118355065196,1.50451354062187,0.0250752256770311,0.5641925777332,27.2943831494483
18,4,66.913332497178,1.46745265270287,0.0125423303649818,0.602031857519127,31.004640662235
18,5,71.058882360295,1.40017502187773,0,0.675084385548193,26.865858232279
18,1,70.4331450094162,1.48148148148148,0,0.61519146264909,27.4701820464532
18,6,62.3041243575279,1.42910868747649,0.0250720822364297,0.48890560361038,35.7527892691488
19,3,63.7967713677888,0.538105368539607,0.0375422350143912,0.062570391690652,35.5650106369666
19,7,94.2235558889722,0.900225056264066,0.0125031257814454,0.175043760940235,4.68867216804201
19,4,62.1587778612572,0.538442273979464,0,0.137741046831956,37.1650388179314
19,2,63.6750531981475,0.625860558267618,0.0125172111653524,0.137689322818876,35.5488797096007
19,5,62.820352544068,0.475059382422803,0,0.100012501562695,36.6045755719465
19,1,62.8052598622417,0.563556668753914,0.0250469630557295,0.112711333750783,36.4934251721979
19,6,63.4070188584988,0.449606594230049,0.0499562882477832,0.0999125764955664,35.9935056825278
20,3,63.1032758189547,0.300075018754689,0,0.0625156289072268,36.5341335333833
20,4,63.0880880880881,0.475475475475475,0,0.137637637637638,36.2987987987988
20,7,92.2711355677839,0.575287643821911,0,0.175087543771886,6.97848924462231
20,2,63.7259795358123,0.449213875717494,0.0124781632143748,0.0998253057149988,35.7125031195408
20,5,63.055972013993,0.474762618690655,0,0.087456271864068,36.3818090954523
20,1,63.568215892054,0.487256371814093,0,0.087456271864068,35.8570714642679
20,6,63.3762339122829,0.274896913657379,0.0124953142571536,0.087467199800075,36.2489066600025
21,4,62.9861197949231,0.7127672877329,0.0250093785169439,0.150056271101663,36.1260472677254
21,3,63.2829103637955,0.450056257032129,0.0250031253906738,0.125015626953369,36.1170146268284
21,7,91.7145713571607,0.662334416395901,0.0249937515621095,0.162459385153712,7.43564108972757
21,2,62.546863284179,0.399900024993752,0.0124968757810547,0.0499875031242189,36.990752311922
21,5,62.7950543274635,0.437117522168103,0.0249781441238916,0.112401648557512,36.630448357687
21,1,62.8314157078539,0.650325162581291,0.0375187593796898,0.087543771885943,36.3931965982991
21,6,63.35,0.4875,0,0.0875,36.075
22,3,63.1473605203903,0.612959719789842,0.0375281461095822,0.0500375281461096,36.1521140855642
22,4,63.5283820955239,1.22530632658165,0,0.0875218804701175,35.1587896974244
22,7,92.8375,0.4125,0,0.175,6.575
22,2,62.4031007751938,0.612653163290823,0.0875218804701175,0.0750187546886722,36.8217054263566
22,1,63.6034008502126,0.900225056264066,0,0.0500125031257814,35.4463615903976
22,6,62.9388979132825,0.674746969886293,0,0.0499812570286143,36.3363738598026
22,5,63.5716959940097,0.6863846249844,0.0374391613627855,0.0499188818170473,35.654561337826
23,3,62.8814407203602,1.07553776888444,0.0125062531265633,0.087543771885943,35.9429714857429
23,4,60.4671496377717,0.312265800649513,0,0.124906320259805,39.095678241319
23,7,92.689327668083,0.287428142964259,0.0124968757810547,0.149962509372657,6.86078480379905
23,2,62.0689655172414,0.612193903048476,0,0.0749625187406297,37.2438780609695
23,1,60.7080310232675,0.325243932949712,0.0375281461095822,0.0750562922191644,38.8541406054541
23,6,63.7045369328834,1.11236095488064,0.0124984376952881,0.0874890638670166,35.0831146106737
23,5,62.211118051218,0.799500312304809,0.0374765771392879,0.0749531542785759,36.8769519050593
24,3,59.7074634329291,0.275034379297412,0,0.112514064258032,39.9049881235154
24,7,92.9625,0.3625,0.0125,0.1,6.5625
24,4,61.431784107946,0.249875062468766,0,0.112443778110945,38.2058970514743
24,2,58.3375,0.25,0.0125,0.075,41.325
24,1,59.7225693576606,0.349912521869533,0,0.0999750062484379,39.8275431142214
24,6,59.4277146070224,0.337373484943146,0,0.0999625140572285,40.1349493939773
24,5,59.7024256064016,0.35008752188047,0.0375093773443361,0.112528132033008,39.7974493623406
25,3,62.342207224097,0.337457817772778,0.0124984376952881,0.0749906261717285,37.2328458942632
25,7,86.4648486364774,0.475356517388041,0,0.225168876657493,12.8346259694771
25,4,62.5390088628136,0.349519410810136,0,0.112345524903258,36.999126201473
25,1,62.6501501501502,0.500500500500501,0.0125125125125125,0.1001001001001,36.7367367367367
25,2,62.6295417655138,0.424522412286178,0,0.0874016731177425,36.8585341490823
25,6,62.7220415311484,0.412809607205404,0.0125093820365274,0.0750562922191644,36.7775831873905
25,5,62.4062031015508,0.462731365682841,0.0125062531265633,0.087543771885943,37.0310155077539
26,3,62.6203275409426,0.32504063007876,0.0875109388673584,0.100012501562695,36.8671083885486
26,7,92.8258967629046,0.424946881639795,0,0.0999875015623047,6.64916885389326
26,4,62.3577947243405,0.512564070508814,0,0.100012501562695,37.0296287035879
26,2,62.2591943957968,0.500375281461096,0.0750562922191644,0.0875656742556918,37.0778083562672
26,1,62.4953119139892,0.612576572071509,0,0.0875109388673584,36.8046005750719
26,6,62.2077759719965,0.550068758594824,0,0.0875109388673584,37.1546443305413
26,5,62.3858947105164,0.562711016631237,0,0.112542203326247,36.9388520695261
27,3,62.4796697109971,0.375328412360816,0,0.112598523708245,37.0324033529338
27,7,92.8223083656371,0.65024384144054,0.0125046892584719,0.200075028135551,6.31486807552832
27,1,62.4671587639184,0.425372200675591,0,0.087576629550857,37.0198924058551
27,2,62.3063468265867,0.499750124937531,0.0124937531234383,0.0749625187406297,37.1064467766117
27,4,62.343828085957,0.424787606196902,0.0124937531234383,0.0999500249875062,37.1189405297351
27,6,62.4359134675503,0.462673502563461,0,0.0750281355508316,37.0263848943354
27,5,61.6010006253909,0.525328330206379,0.0500312695434647,0.0875547217010632,37.7360850531582
28,3,62.2658006495129,0.537097177117162,0,0.0624531601299026,37.1346490132401
28,7,92.7347755408278,0.550206327372765,0.0125046892584719,0.125046892584719,6.57746654995623
28,2,62.8060969515242,0.72463768115942,0,0.087456271864068,36.3818090954523
28,1,61.6172978377703,0.549931258592676,0.0374953130858643,0.149981252343457,37.6452943382077
28,4,61.4692653673163,0.524737631184408,0,0.087456271864068,37.9185407296352
28,6,62.3311655827914,0.525262631315658,0.0500250125062531,0.11255627813907,36.9809904952476
28,5,61.1048618922635,0.487439070116235,0,0.124984376952881,38.2827146606674
29,3,61.4701837729716,0.462557819727466,0,0.0500062507813477,38.0172521565196
29,7,92.5824175824176,0.599400599400599,0,0.137362637362637,6.68081918081918
29,1,60.2049743782027,0.58742657167854,0.0124984376952881,0.0499937507811524,39.1451068616423
29,4,59.3824228028504,0.475059382422803,0,0.125015626953369,40.0175021877735
29,2,59.7899474868717,0.400100025006252,0.0125031257814454,0.0875218804701175,39.7099274818705
29,6,58.1060795596698,0.437828371278459,0.0125093820365274,0.112584438328747,41.3309982486865
29,5,61.5403850962741,0.500125031257814,0.0375093773443361,0.0750187546886722,37.8469617404351
30,3,59.6425446819148,0.437445319335083,0,0.0874890638670166,39.8325209348831
30,1,62.9611104164062,0.862823558834563,0,0.0750281355508316,36.1010378892085
30,2,62.1939030484758,0.499750124937531,0,0.0499750124937531,37.256371814093
30,7,92.7759030121235,0.562429696287964,0,0.212473440819898,6.44919385076865
30,4,62.4156039009752,0.487621905476369,0,0.0625156289072268,37.0342585646412
30,6,62.3967975981986,0.57543157368026,0.0125093820365274,0.0750562922191644,36.9402051538654
30,5,62.55,0.825,0.0125,0.1,36.5125
31,3,62.135800925347,0.487682881080405,0,0.0625234462923596,37.3139927472802
31,1,63.525,0.525,0,0.075,35.875
31,2,62.4671916010499,0.512435945506812,0,0.0749906261717285,36.9453818272716
31,7,92.6213106553277,0.587793896948474,0,0.200100050025012,6.59079539769885
31,4,63.7125,0.65,0,0.075,35.5625
31,6,62.3016368861677,0.399850056228914,0,0.149943771085843,37.1485692865176
31,5,62.6468382904274,0.374906273431642,0.0124968757810547,0.0749812546863284,36.8907773056736
32,3,63.3454181772722,0.837604700587573,0.0375046880860107,0.150018752344043,35.6294536817102
32,7,84.9737696727454,0.774419185610792,0,0.174868848363727,14.07694229328
32,1,62.4984369138427,0.362635988495686,0,0.0500187570338877,37.0889083406277
32,4,63.7034258564641,0.675168792198049,0,0.0875218804701175,35.5338834708677
32,2,63.5658914728682,0.687671917979495,0.0125031257814454,0.100025006251563,35.6339084771193
32,6,64.363363738598,1.07459702611521,0,0.0499812570286143,34.5120579782582
32,5,60.7651912978245,0.487621905476369,0.0125031257814454,0.0875218804701175,38.6471617904476
33,3,63.5148638521109,0.72445665750687,0,0.112415688233825,35.6482638021484
33,7,92.0963915594956,0.824072917967287,0,0.224747159445624,6.85478836309152
33,2,61.7279319829957,0.412603150787697,0,0.0625156289072268,37.7969492373093
33,1,62.2061030515258,0.550275137568784,0.0750375187593797,0.0750375187593797,37.0935467733867
33,4,60.7272272897663,0.462326627514682,0.0124953142571536,0.17493439960015,38.6230163688617
33,6,62.5953244155519,0.262532816602075,0.0375046880860107,0.0500062507813477,37.0546318289786
33,5,63.459135216196,0.749812546863284,0,0.0624843789052737,35.7285678580355
34,3,61.6912315763178,0.324756432675493,0.0374718960779415,0.0874344241818636,37.8591056707469
34,7,92.6277645882794,0.299887542171686,0,0.224915656628764,6.84743221292015
34,1,60.1701275956968,0.587940955716788,0,0.0750562922191644,39.1668751563673
34,2,59.8474427910466,0.437664124046517,0.0125046892584719,0.100037514067775,39.6023508815806
34,4,60.8923884514436,0.5249343832021,0,0.0999875015623047,38.482689663792
34,6,60.5322338830585,0.387306346826587,0.087456271864068,0.087456271864068,38.9055472263868
34,5,63.009247688078,0.437390652336916,0.0249937515621095,0.124968757810547,36.4033991502124
35,3,60.2376485303315,0.362726704190119,0.0125078173858662,0.075046904315197,39.3120700437774
35,7,92.4740592574072,0.575071883985498,0,0.150018752344043,6.80085010626328
35,4,60.4351631861948,0.450168813304989,0,0.100037514067775,39.0146304864324
35,2,61.3096725818545,0.437390652336916,0,0.0874781304673832,38.1654586353412
35,1,61.7010631644778,0.437773608505316,0,0.0625390869293308,37.7986241400876
35,6,60.5674290713661,0.562429696287964,0,0.0249968753905762,38.8451443569554
35,5,59.9975021855876,0.599475458973398,0.0124890720619458,0.137379792681404,39.2531534906956
36,3,60.6295278541094,0.48713464901324,0,0.112415688233825,38.7709218086435
36,7,92.6740842605326,0.575071883985498,0,0.16252031503938,6.58832354044256
36,1,61.9077384673084,0.437554694336792,0.0125015626953369,0.100012501562695,37.5421927740968
36,2,61.776110068793,0.48780487804878,0.0250156347717323,0.0625390869293308,37.6485303314572
36,4,62.6061969015492,0.512243878060969,0,0.0999500249875062,36.7816091954023
36,6,62.45,0.45,0.0125,0.0875,37
36,5,61.1882426516573,0.58786741713571,0.0125078173858662,0.100062539086929,38.1113195747342
37,3,62.2780695173793,0.487621905476369,0,0.0750187546886722,37.1592898224556
37,7,92.5657071339174,0.600750938673342,0,0.150187734668335,6.68335419274093
37,1,62.4968757810547,0.449887528117971,0,0.112471882029493,36.9407648087978
37,2,62.3858947105164,0.462673502563461,0,0.0375140677754158,37.1139177191447
37,4,62.4718820294926,0.499875031242189,0,0.0749812546863284,36.9532616845789
37,6,62.5015634771732,0.475297060662914,0,0.0500312695434647,36.9731081926204
37,5,60.5996252342286,0.587133041848845,0.0124921923797626,0.0874453466583385,38.7133041848844
38,3,62.546910182637,0.525394045534151,0.0375281461095822,0.062546910182637,36.8276207155367
38,7,91.504247876062,0.524737631184408,0,0.137431284357821,7.8335832083958
38,2,61.5913924684099,0.475415988990367,0,0.100087576629551,37.8331039659702
38,1,61.7087815861896,0.537903427570678,0.0250187640730548,0.100075056292219,37.6282211658744
38,4,60.9951243905488,0.500062507813477,0,0.0750093761720215,38.4298037254657
38,6,62.6030477142143,0.437172120909318,0,0.0374718960779415,36.9223082687984
38,5,62.5953244155519,0.512564070508814,0,0.0625078134766846,36.8296037004626
39,3,62.1949693405081,0.463020898510825,0,0.062570391690652,37.2794393692905
39,1,61.8529632408102,0.487621905476369,0,0.112528132033008,37.5468867216804
39,2,63.3691845922962,0.72536268134067,0.0125062531265633,0.087543771885943,35.8054027013507
39,7,87.3063468265867,0.674662668665667,0,0.212393803098451,11.8065967016492
39,4,60.9244222361024,0.524672079950031,0,0.149906308557152,38.4009993753904
39,6,61.5423072115985,0.362454693163355,0,0.0999875015623047,37.9952505936758
39,5,63.7442238041713,0.899213188460097,0.0124890720619458,0.0999125764955664,35.244161358811
40,3,61.6308154077038,0.462731365682841,0.0125062531265633,0.087543771885943,37.8064032016008
40,7,92.673168292073,0.575143785946487,0,0.137534383595899,6.6141535383846
40,2,60.0300150075037,0.387693846923462,0,0.087543771885943,39.4947473736868
40,1,59.4246404002502,0.412757973733583,0.0375234521575985,0.075046904315197,40.0500312695435
40,4,60.8,0.4375,0,0.0875,38.675
40,6,58.5542771385693,0.475237618809405,0.0750375187593797,0.11255627813907,40.7828914457229
40,5,59.9125546533417,0.362273579013117,0,0.137414116177389,39.5877576514678
41,3,59.3199149893737,0.48756094511814,0.0125015626953369,0.0625078134766846,40.1175146893362
41,7,92.4405506883604,0.675844806007509,0,0.137672090112641,6.7459324155194
41,2,61.8304407541516,0.412036458983643,0.0124859533025346,0.0749157198152079,37.670121113747
41,1,64.8037009252313,1.20030007501875,0,0.100025006251563,33.8959739934984
41,4,64.0125,0.8125,0,0.0625,35.1125
41,6,62.0150187734668,0.550688360450563,0,0.0876095118898623,37.3466833541927
41,5,61.1722069482629,0.524868782804299,0,0.124968757810547,38.1779555111222
42,3,62.2419617165019,0.38783935943951,0,0.0750656824721631,37.2951332415864
42,7,92.575,0.5625,0,0.1875,6.675
42,1,62.2764227642276,0.275171982489056,0,0.125078173858662,37.3233270794246
42,2,63.7635886542547,0.787204798200675,0.0499812570286143,0.087467199800075,35.311758090716
42,4,63.0393996247655,0.475297060662914,0,0.100062539086929,36.3852407754847
42,6,65.2717051842598,1.26171143035603,0,0.0874453466583385,33.3791380387258
42,5,61.4355383268726,0.500187570338877,0,0.112542203326247,37.9517318994623
43,3,64.1214696325919,0.774806298425394,0,0.0874781304673832,35.0162459385154
43,7,92.2942425377794,0.611964531035344,0,0.174847008867241,6.91894592231797
43,1,61.825,0.4625,0,0.0625,37.65
43,2,62.875,0.3625,0,0.0625,36.7
43,4,63.1269543464665,0.575359599749844,0.0125078173858662,0.0500312695434647,36.2351469668543
43,6,62.7514681994252,0.237410970885918,0,0.112457828314382,36.8986630013745
43,5,63.8236763236763,0.786713286713287,0.024975024975025,0.112387612387612,35.2522477522478
44,3,62.5015619142821,0.437335999000375,0,0.0749718855429214,36.9861302011746
44,7,92.5657071339174,0.550688360450563,0,0.150187734668335,6.7334167709637
44,1,62.0702587823478,0.362545318164771,0,0.112514064258032,37.4546818352294
44,4,60.9228460672752,0.512692259597349,0,0.0750281355508316,38.4894335375766
44,2,61.5509490509491,0.424575424575425,0.0124875124875125,0.112387612387612,37.8996003996004
44,6,62.0573144787886,0.450506820172694,0,0.0750844700287824,37.4170942310099
44,5,62.4921884764404,0.449943757030371,0,0.0874890638670166,36.9703787026622
45,3,62.3420492931315,0.71312398348555,0,0.0625547353934693,36.8822719879895
45,1,59.714928732183,0.537634408602151,0,0.0875218804701175,39.6599149787447
45,7,85.6340489266101,0.736395406889666,0,0.149775336994508,13.4797803295057
45,2,60.2451838879159,0.500375281461096,0.0750562922191644,0.0750562922191644,39.1043282461846
45,4,61.2818590704648,0.487256371814093,0,0.0749625187406297,38.1559220389805
45,6,59.377344336084,0.487621905476369,0,0.112528132033008,40.0225056264066
45,5,60.8505315822389,0.475297060662914,0,0.0875547217010632,38.5866166353971
46,3,61.9095226193452,0.374906273431642,0.0124968757810547,0.0999750062484379,37.6030992251937
46,1,62.5453181647706,0.512564070508814,0.0375046880860107,0.112514064258032,36.7920990123765
46,7,89.7125,1.325,0,0.0875,8.875
46,2,61.1590937539116,0.488171235448742,0.0125172111653524,0.0876204781574665,38.2525973213168
46,4,61.2931465732866,0.450225112556278,0,0.0500250125062531,38.2066033016508
46,6,61.5048118985127,0.499937507811524,0,0.0374953130858643,37.9577552805899
46,5,60.5552776388194,0.475237618809405,0,0.125062531265633,38.8444222111056
47,3,61.3278319579895,0.425106276569142,0.0125031257814454,0.0375093773443361,38.1970492623156
47,1,62.1581116523042,0.499562882477832,0,0.0999125764955664,37.2424128887224
47,7,92.5805645765676,0.437172120909318,0,0.199850112415688,6.78241319010742
47,2,61.8,0.625,0,0.1,37.475
47,4,62.334416395901,0.462384403899025,0.0124968757810547,0.0874781304673832,37.1032241939515
47,6,62.4843632724543,0.412809607205404,0,0.062546910182637,37.0402802101576
47,5,62.1935967983992,0.537768884442221,0.0125062531265633,0.0375187593796898,37.2186093046523
48,3,61.5538596271738,0.48792693606906,0,0.100087576629551,37.8581258601276
48,1,62.2717037778334,0.525394045534151,0,0.062546910182637,37.1403552664498
48,7,92.3702313946216,0.42526579111945,0,0.112570356472795,7.09193245778612
48,2,62.2936468234117,0.587793896948474,0,0.100050025012506,37.0185092546273
48,4,61.9237976264834,0.449718925671455,0,0.112429731417864,37.5140537164272
48,6,62.6311844077961,0.43728135932034,0,0.0624687656171914,36.8690654672664
48,5,62.5734650493935,0.487682881080405,0,0.0375140677754158,36.9013380017507
49,3,62.6375,0.4,0,0.1375,36.825
49,1,61.65,0.5875,0,0.1125,37.65
49,7,92.8901661876796,0.449831313257528,0,0.162439085342996,6.49756341371986
49,2,61.8404601150288,0.437609402350588,0,0.0375093773443361,37.6844211052763
49,4,61.5788158880839,0.524606545091182,0,0.0874344241818636,37.809143142643
49,6,62.2466850137603,0.375281461095822,0,0.0875656742556918,37.2904678508882
49,5,64.4810790558262,0.899213188460097,0.0124890720619458,0.0749344323716748,34.5322842512801
50,3,61.7941029485257,0.512243878060969,0,0.087456271864068,37.6061969015492
50,1,61.1409983735769,0.562992618541224,0,0.137620417865632,38.1583885900163
50,7,92.5337668834417,0.612806403201601,0,0.125062531265633,6.72836418209105
50,2,62.820352544068,0.750093761720215,0.0375046880860107,0.100012501562695,36.2920365045631
50,4,62.025,0.5125,0,0.1875,37.275
50,6,59.6901162064226,0.52480319880045,0.0499812570286143,0.137448456828689,39.5976508809197
50,5,61.6008991008991,0.374625374625375,0,0.0999000999000999,37.9245754245754
51,3,61.925,0.5375,0,0.075,37.4625
51,1,61.0729023383769,0.475178191821933,0,0.100037514067775,38.3518819557334
51,7,92.9767558110472,0.512371907023244,0,0.112471882029493,6.39840039990002
51,2,61.2229586094786,0.337626609978742,0.0125046892584719,0.0500187570338877,38.3768913342503
51,4,60.45,0.575,0,0.15,38.825
51,6,61.1076384548069,0.550068758594824,0,0.100012501562695,38.2422802850356
51,5,58.0572571571446,0.375046880860108,0.0125015626953369,0.0875109388673584,41.4676834604326
52,3,62.0762976860538,0.475297060662914,0.0500312695434647,0.0500312695434647,37.3483427141964
52,7,86.8358544818102,0.575071883985498,0,0.212526565820728,12.3765470683835
52,1,63.821290403095,0.711344065892924,0.0124797204542618,0.0748783227255709,35.3800074878323
52,2,62.2577822227778,0.350043755469434,0.0125015626953369,0.0750093761720215,37.3046630828854
52,4,64.1705213151644,0.825103137892237,0,0.100012501562695,34.9043630453807
52,6,62.1530382595649,0.500125031257814,0,0.0750187546886722,37.2718179544886
52,5,62.7108057464085,0.499687695190506,0,0.0499687695190506,36.7395377888819
53,3,61.8547681539807,0.5249343832021,0,0.112485939257593,37.5078115235596
53,7,91.911488936117,0.662582822852857,0,0.125015626953369,7.30091261407676
53,1,63.9694847423712,0.687843921960981,0,0.100050025012506,35.2426213106553
53,2,62.225,0.575,0,0.0375,37.1625
53,4,62.2516556291391,0.399850056228914,0,0.124953142571536,37.2235411720605
53,6,64.2589352661835,0.92476880779805,0,0.112471882029493,34.703824043989
53,5,62.6093476630842,0.512371907023244,0,0.112471882029493,36.765808547863
54,3,61.4971257185704,0.449887528117971,0,0.0874781304673832,37.9655086228443
54,7,92.56064016004,0.612653163290823,0,0.137534383595899,6.68917229307327
54,1,61.829100462905,0.475415988990367,0,0.087576629550857,37.6079069185537
54,2,64.4561009117023,0.761833395778694,0,0.0874235044336206,34.6946421880854
54,4,62.2436218109055,0.87543771885943,0,0.0750375187593797,36.8059029514757
54,6,64.4447223611806,0.750375187593797,0,0.0500250125062531,34.7548774387194
54,5,62.5920839056062,0.474466225496317,0.0249719066050693,0.0998876264202772,36.8085903358721
55,3,62.6344758568927,0.537903427570678,0,0.0750562922191644,36.7525644233175
55,1,61.4239239239239,0.475475475475475,0,0.0750750750750751,38.0255255255255
55,7,92.8026989878796,0.52480319880045,0,0.162439085342996,6.51005872797701
55,2,60.4325540692587,0.350043755469434,0.0125015626953369,0.0750093761720215,39.1298912364046
55,4,62.5468164794007,0.34956304619226,0.0124843945068664,0.137328339575531,36.9538077403246
55,6,60.9603601350506,0.237589095910967,0,0.150056271101663,38.6519944979367
55,5,62.0280070017504,0.70017504376094,0.0125031257814454,0.0750187546886722,37.1842960740185
56,3,63.0875,0.6875,0,0.1125,36.1125
56,7,92.1345504564212,0.65024384144054,0,0.137551581843191,7.07765412029511
56,1,60.959760059985,0.437390652336916,0.0124968757810547,0.137465633591602,38.4528867783054
56,2,59.4121325828643,0.475297060662914,0.0375234521575985,0.075046904315197,40
56,4,60.572714768038,0.450168813304989,0,0.112542203326247,38.8645742153307
56,6,60.9707280460345,0.33775331498624,0,0.0750562922191644,38.6164623467601
56,5,60.0924884389451,0.362454693163355,0,0.0749906261717285,39.4700662417198
57,3,59.5026864925653,0.3498687992003,0.0124953142571536,0.087467199800075,40.0474821941772
57,7,92.7902036736224,0.549793827314757,0,0.149943771085843,6.51005872797701
57,1,58.125,0.45,0.0125,0.0625,41.35
57,2,52.9176558790454,0.474821941771836,0,0.0499812570286143,46.5575409221542
57,4,56.7304086989126,0.387451568553931,0.0499937507811524,0.0624921884764404,42.7696537932758
57,6,56.442944631921,0.487439070116235,0,0.0624921884764404,43.0071241094863
57,5,57.0785955266775,0.474821941771836,0.0124953142571536,0.0499812570286143,42.3841059602649
58,3,51.1691884456671,0.775290734025259,0,0.0750281355508316,47.9804926847568
58,7,89.0693316677077,0.549656464709557,0,0.162398500936914,10.2186133666458
58,1,49.6497373029772,0.375281461095822,0.0375281461095822,0.062546910182637,49.8749061796347
58,2,46.1394302848576,0.36231884057971,0.0124937531234383,0.0124937531234383,53.4732633683158
58,4,51.0135135135135,0.437937937937938,0,0.0500500500500501,48.4984984984985
58,6,52.825,0.4875,0.0875,0.0375,46.5625
58,5,56.4163438710484,0.499812570286143,0,0.0749718855429214,43.0088716731226
59,3,30.4646515113665,0.212340744441669,0,0.0374718960779415,69.2855358481139
59,1,35.6714178544636,0.35008752188047,0,0.0500125031257814,63.9284821205301
59,7,21.9445138715321,0.224943764058985,0,0.0124968757810547,77.8180454886278
59,2,42.8482198625859,0.387257963772642,0,0.0749531542785759,56.6895690193629
59,4,34.9144925727125,0.324553738609412,0,0.037448508301086,64.723505180377
59,6,50.3125,0.4,0.0125,0.075,49.2
59,5,56.1773891317926,0.387257963772642,0.0124921923797626,0.0749531542785759,43.3479075577764
60,3,16.975,0.15,0,0.0125,82.8625
60,1,23.624312156078,0.187593796898449,0,0.0125062531265633,76.175587793897
60,7,0.0499625281039221,0.0499625281039221,0,0,99.9000749437922
60,2,30.6614980617732,0.212579717394023,0.0125046892584719,0.0375140677754158,69.0759034637989
60,4,22.6245473841928,0.212261206143089,0,0.0124859533025346,77.1507054563616
60,6,28.9835164835165,0.274725274725275,0,0.0624375624375624,70.6793206793207
60,5,34.6081739782527,0.287464066991626,0.0124984376952881,0.0624921884764404,65.0293713285839
61,1,11.1250313204711,0.175394637935355,0,0.0375845652718617,88.6619894763217
61,3,12.7888097914325,0.187336080929187,0,0.0124890720619458,87.0113650555764
61,7,10.8736407949006,0.149981252343457,0,0,88.9763779527559
61,2,15.9599749843652,0.250156347717323,0,0.0375234521575985,83.7523452157598
61,4,12.6950443140682,0.137311197103982,0,0.012482836100362,87.1551616527275
61,6,12.8846634976232,0.137603202401801,0,0.0375281461095822,86.9402051538654
61,5,15.5547226386807,0.162418790604698,0,0.0124937531234383,84.2703648175912
62,1,62.7497502497502,0.661838161838162,0.0124875124875125,0.124875124875125,36.451048951049
62,3,31.335081803422,0.562008242787561,0.0249781441238916,0.0874235044336206,67.9905083052329
62,7,0.062546910182637,0.0250187640730548,0.0375281461095822,0,99.8749061796347
62,2,62.7860447667875,0.562711016631237,0.0125046892584719,0.0875328248093035,36.5512067025134
62,4,62.316844082655,0.651221039448967,0.0125234815278647,0.125234815278647,36.8941765810895
62,6,57.326831707927,0.70017504376094,0.0125031257814454,0.0750187546886722,41.885471367842
62,5,64.4597126795753,1.01186758276077,0.0124921923797626,0.18738288569644,34.3285446595878
63,1,68.3716858429215,1.1255627813907,0,0.200100050025012,30.3026513256628
63,3,32.9128153884587,0.799400449662753,0,0.0874344241818636,66.2003497376967
63,7,10.3866850206482,1.5642597922663,0,0.125140783381304,87.9239144037042
63,2,66.0365548322484,1.01402103154732,0,0.125187781672509,32.8242363545318
63,4,68.968105065666,1.90118824265166,0.0125078173858662,0.26266416510319,28.8555347091932
63,6,63.8739527322746,0.612729773665124,0,0.125046892584719,35.3882706014756
63,5,71.3339167395925,1.25015626953369,0,0.237529691211401,27.1783972996625
64,1,63.3316658329165,0.512756378189095,0.0125062531265633,0.150075037518759,35.9929964982491
64,3,41.2670589708276,1.42731939401527,0.0125203455615375,0.0626017278076875,57.2304995617879
64,7,24.7607052896725,7.83375314861461,0,0.0755667506297229,67.3299748110831
64,4,62.7691537305959,0.312969454181272,0,0.0751126690035053,36.8427641462193
64,2,64.1009621391978,0.499812570286143,0.0124953142571536,0.112457828314382,35.2742721479445
64,6,63.1578947368421,0.575071883985498,0,0.0750093761720215,36.1920240030004
64,5,69.1759409778667,1.17544079029636,0.0375140677754158,0.375140677754158,29.2359634863074
65,1,62.9296337957755,0.274965629296338,0,0.0874890638670166,36.7079115110611
65,7,6.60919540229885,0.149925037481259,0.0124937531234383,0.0124937531234383,93.215892053973
65,3,37.8432351472791,0.349475786320519,0,0.0374438342486271,61.7698452321518
65,2,62.6234838064274,0.38764536701263,0.0125046892584719,0.0875328248093035,36.8888333124922
65,4,62.6,0.3625,0,0.0625,36.975
65,6,62.7793732051442,0.424522412286178,0,0.112373579722812,36.6837308028468
65,5,62.8967758060485,0.362409397650587,0,0.0749812546863284,36.6658335416146
66,1,59.9399849962491,0.375093773443361,0,0.112528132033008,39.5723930982746
66,7,6.34841289677581,0.0374906273431642,0,0.0124968757810547,93.6015996001
66,3,17.5140537164272,0.23735165521549,0,0.0249843847595253,82.2236102435977
66,2,58.5728567858036,0.324918770307423,0,0.0874781304673832,41.0147463134216
66,4,57.4090283856446,0.350131299237214,0,0.0625234462923596,42.1783168688258
66,6,57.021383018632,0.425159434788046,0,0.0500187570338877,42.5034387895461
66,5,58.3666833416708,0.362681340670335,0.0125062531265633,0.0750375187593797,41.1830915457729
67,1,11.5384615384615,0.0999000999000999,0,0.0124875124875125,88.3491508491508
67,7,6.50761928553585,0.0624531601299026,0,0.024981264051961,93.4049462902823
67,3,6.45080635079385,0.112514064258032,0,0,93.4366795849481
67,2,21.0565754964406,0.124890720619458,0.0249781441238916,0,78.793555638816
67,4,8.55287801223623,0.0874016731177425,0.0624297665126732,0.0124859533025346,91.2848045948308
67,6,20.6827560335126,0.225084406652495,0,0.0250093785169439,79.067150181318
67,5,10.875,0.075,0,0,89.05
68,1,0.699300699300699,0.04995004995005,0,0.0124875124875125,99.2382617382617
68,7,4.1068530770191,0.037448508301086,0.037448508301086,0,95.8182499063787
68,2,1.19940029985008,0.0749625187406297,0,0,98.7256371814093
68,3,6.88319800124922,0.174890693316677,0.0249843847595253,0.0124921923797626,92.9044347282948
68,4,0.6997375984006,0.0124953142571536,0,0,99.2877670873422
68,6,1.87429713857304,0.0624765712857678,0,0,98.0632262901412
68,5,1.0497375656086,0.0499875031242189,0,0.0124968757810547,98.8877780554861
69,1,18.4671167791948,0.612653163290823,0.0125031257814454,0.0500125031257814,80.8577144286072
69,7,58.4825341179417,18.6553148866909,0.0125203455615375,0.137723801176912,22.711906848629
69,2,59.5351162209448,0.674831292176956,0.0124968757810547,0.0999750062484379,39.6775806048488
69,3,44.1651031894934,0.775484677923702,0.0125078173858662,0.100062539086929,54.9468417761101
69,4,41.2809607205404,1.76382286715036,0,0.0375281461095822,56.9176882661996
69,6,40.2996254681648,1.66042446941323,0.0124843945068664,0.0499375780274657,57.9775280898876
69,5,44.0025015634772,0.512820512820513,0.0125078173858662,0.0625390869293308,55.4096310193871
70,1,12.8096072054041,0.137603202401801,0.0125093820365274,0,87.0402802101576
70,7,65.2119544829311,3.61385519569839,0,0.0625234462923596,31.1116668750782
70,2,63.4305016889779,0.262729888652571,0.0250218941573877,0.0750656824721631,36.20668084574
70,3,44.7039720209843,0.437172120909318,0,0.024981264051961,54.8338745940545
70,4,31.6597976770326,0.112401648557512,0,0.0249781441238916,68.202822530286
70,6,31.6631263276271,0.162439085342996,0,0.0624765712857678,68.1119580157441
70,5,44.6627455887874,0.31285195845326,0.0125140783381304,0.0500563133525216,54.9618320610687
71,7,62.7671541057368,1.2623422072241,0.0249968753905762,0.0499937507811524,35.8955130608674
71,2,62.9648178289721,0.262927256792287,0.0125203455615375,0.075122073369225,36.6846124953049
71,1,12.5827814569536,0.212420342371611,0,0.0499812570286143,87.1548169436461
71,3,44.1051314142678,0.425531914893617,0.0125156445556946,0.0500625782227785,55.4067584480601
71,4,31.6177389131793,0.149906308557152,0,0.0499687695190506,68.1823860087445
71,6,31.55,0.1375,0.025,0.05,68.2375
71,5,44.8112028007002,0.425106276569142,0,0.100025006251563,54.6636659164791
