moment,node,user,system,iowait,softirq,idle
1,1,0.2125,0.025,0.025,0,99.7375
1,5,0.18738288569644,0.0374765771392879,0.0374765771392879,0,99.737663960025
1,6,0.162337662337662,0.024975024975025,0.024975024975025,0,99.7877122877123
1,4,0.124906320259805,0.024981264051961,0.024981264051961,0,99.8251311516363
1,3,0.187336080929187,0.0499562882477832,0,0.0124890720619458,99.7502185587611
1,2,0.162357936805295,0.0124890720619458,0.0374672161858374,0,99.7876857749469
1,7,0.137396952285786,0.024981264051961,0.0374718960779415,0.0124906320259805,99.7876592555583
2,1,0.0749344323716748,0.0124890720619458,0,0,99.9125764955664
2,5,0.0874235044336206,0.0249781441238916,0,0,99.8875983514425
2,6,5.16766766766767,0.875875875875876,0.025025025025025,0.0125125125125125,93.9189189189189
2,4,0.2,0.3,0.0125,0.0375,99.45
2,3,0.224943764058985,0.274931267183204,0,0.0374906273431642,99.4626343414146
2,2,0.149887584311766,0.0999250562078441,0,0,99.7501873594804
2,7,0.0999250562078441,0.0499625281039221,0,0,99.8501124156882
3,1,10.367683841921,1.40070035017509,0,0.0250125062531266,88.2066033016508
3,6,13.1375,0.875,0.1125,0,85.875
3,5,8.26776570500812,1.29886349444236,0.0124890720619458,0.0249781441238916,90.3959035843637
3,7,8.34168336673347,1.45290581162325,0.0125250501002004,0.0125250501002004,90.1803607214429
3,4,8.54101440200376,1.17720726361929,0.225422667501565,0.0751408891671885,89.9812147777082
3,3,9.2967967967968,1.3013013013013,0.025025025025025,0.0125125125125125,89.3643643643644
3,2,8.93638295213098,1.28733908261467,0.0124984376952881,0.0374953130858643,89.7262842144732
4,1,28.935156152013,2.13219616204691,0.351185250219491,0.0627116518249091,68.5187507838957
4,6,21.7184368737475,1.52805611222445,0.263026052104208,0.062625250501002,76.4278557114229
4,5,19.937343358396,1.56641604010025,0.025062656641604,0.025062656641604,78.4461152882206
4,7,21.52359437751,1.83232931726908,0.08785140562249,0.0251004016064257,76.531124497992
4,3,18.7570621468927,1.43126177024482,0.0125549278091651,0.0502197112366604,79.7489014438167
4,4,21.6141584034141,1.45600602485252,0.263587297602611,0.0502071043052592,76.6160411698255
4,2,22.234762979684,1.69300225733634,0.0125407574617507,0.0250815149235014,76.0346124905944
5,5,52.8636021100226,2.52449133383572,0.0125596583772921,0.150715900527506,44.4486309972369
5,1,78.2926215059179,3.09745656006044,0,0.18886930244271,18.4210526315789
5,7,53.4766754683767,2.92971205834276,0.0125738714950333,0.163460329435433,43.4175782723501
5,4,58.5503963759909,2.8060903485592,0.0251667295834906,0.201333836667925,38.4170127091984
5,3,57.5829979879276,3.05583501006036,0.0125754527162978,0.163480885311871,39.1851106639839
5,2,55.5904917620425,2.60344610740787,0.0125770343353037,0.150924412023645,41.6299836498554
5,6,62.2655758338578,2.98300818124607,0.012586532410321,0.151038388923851,34.587791063562
6,5,57.6624028091297,5.27965889139704,0,0.376222723852521,36.6817155756208
6,3,49.3221190057745,6.91689681144866,0.0125533517449159,0.288727090133066,43.4597037408988
6,2,50.213514192414,5.87792012057272,0.0125596583772921,0.326551117809596,43.5694549108264
6,7,41.0517068273092,5.52208835341365,0.0251004016064257,0.213353413654618,53.1877510040161
6,1,62.874025647473,6.02212723158159,0.0251445813427206,0.314307266784008,30.7643952728187
6,6,59.8991808443604,7.52362948960302,0.0252047889098929,0.315059861373661,32.236925015753
6,4,36.6144200626959,4.73981191222571,0,0.238244514106583,58.4075235109718
7,5,42.7121193131971,4.02306053390149,0.0125328988595062,0.526381752099261,52.7259055019426
7,3,33.4635744895387,4.83992941769599,0,0.277287622888833,61.4066044870179
7,2,50.1134072580645,4.32207661290323,0.0252016129032258,0.390625,45.148689516129
7,1,54.450852557673,5.39117352056168,0,0.363590772316951,39.7943831494483
7,6,44.7717789859654,7.6242255658111,0,0.505752939688962,47.0982425085346
7,7,34.7564038171773,3.80462079357107,0,0.301356102461075,61.1376192867906
7,4,33.704352176088,3.23911955977989,0.0250125062531266,0.225112556278139,62.8064032016008
8,5,33.4503510531595,4.06218655967904,0.0250752256770311,0.351053159478435,62.111334002006
8,3,28.6899673120443,5.20492833794317,0.213728941413125,0.301734976112648,65.5896404324868
8,2,27.3697426239799,4.29378531073446,0.0251098556183302,0.288763339610797,68.0225988700565
8,1,34.2476094614997,3.92551585304479,0.0251635631605435,0.339708102667338,61.4620030196276
8,6,40.1395939086294,7.75380710659898,0.0126903553299492,0.431472081218274,51.6624365482233
8,7,23.4104046242775,5.20231213872832,0.0125659713495853,0.18848957024378,71.1862276954009
8,4,22.5106596438425,1.93127664910961,0.0125407574617507,0.213192876849762,75.3323300727364
9,5,29.5363408521303,3.1203007518797,0.025062656641604,0.25062656641604,67.0676691729323
9,3,25.1585891905608,10.1370210606445,0.241055569652372,0.253742704897234,64.2095914742451
9,6,34.6732397926937,8.7093919858425,0.0252812539501959,0.417140690178233,56.1749462773354
9,1,30.526580369486,4.32323740103054,0.0251351011687822,0.289053663440995,64.8359934648737
9,2,26.1478304742684,5.22199798183653,0.0126135216952573,0.252270433905146,68.3652875882946
9,4,19.1724137931034,1.8307210031348,0.0125391849529781,0.225705329153605,78.7586206896552
9,7,25.1133501259446,7.43073047858942,0.277078085642317,0.277078085642317,66.9017632241814
10,5,26.3888888888889,3.74124124124124,3.49099099099099,0.175175175175175,66.2037037037037
10,1,25.8064516129032,5.078125,0.0630040322580645,0.151209677419355,68.9012096774194
10,3,23.5970677451972,8.20273003033367,0.0884732052578362,0.202224469160768,67.9095045500506
10,6,33.1987891019173,6.89959636730575,0.13874873864783,0.365792129162462,59.3970736629667
10,2,20.7070071707133,5.04465970562335,0.301924770411373,0.213863379041389,73.7325449742106
10,4,16.5664160401003,2.78195488721805,0.300751879699248,0.12531328320802,80.2255639097744
10,7,24.2431886982846,6.88698284561049,0.0378405650857719,0.13874873864783,68.6932391523713
11,3,24.0919481838964,8.33121666243333,0.0381000762001524,0.101600203200406,67.4371348742697
11,5,30.9633887292265,3.98600524803199,0.0624765712857678,0.212420342371611,64.7757091090841
11,1,25.3135975915705,5.21826392373307,0.727546412443552,0.112895132965379,68.6276969392875
11,6,34.4818849759311,7.19533823156828,0.0126678489992399,0.291360526982518,58.0187484165189
11,2,23.902377657567,5.63592904767895,0.0503207950685621,0.201283180274248,70.2100893194113
11,4,18.594730238394,2.83563362609787,0.0501882057716437,0.150564617314931,78.3688833124216
11,7,24.5895428138419,6.8199040161657,0.0252589037635767,0.164182874463248,68.4011113917656
