moment,node,user,system,iowait,softirq,idle
1,2,0.0999500249875062,0,0.112443778110945,0,99.7876061969015
1,3,0.112457828314382,0.0124953142571536,0.0499812570286143,0.0124953142571536,99.8125702861427
1,5,0.0873907615480649,0.0249687890137328,0.0499375780274657,0,99.8377028714107
1,4,0.0999125764955664,0.0249781441238916,0.0124890720619458,0,99.8626202073186
1,1,0.124921923797626,0,0.0249843847595253,0,99.8500936914429
1,7,0.124921923797626,0.0374765771392879,0.0249843847595253,0,99.8126171143036
1,6,0.0999125764955664,0.0249781441238916,0,0.0124890720619458,99.8626202073186
2,2,0.162378216337747,0.262303272545591,0.137396952285786,0.0124906320259805,99.4254309268049
2,3,0.124906320259805,0.124906320259805,0.212340744441669,0,99.5378466150387
2,5,0.137482814648169,0.249968753905762,0.112485939257593,0.0374953130858643,99.4625671791026
2,4,0.0499562882477832,0.0249781441238916,0,0,99.9250655676283
2,1,0.0249875062468766,0.0124937531234383,0,0,99.9625187406297
2,7,0.0999500249875062,0.087456271864068,0,0.0124937531234383,99.800099950025
2,6,3.54866924903161,0.837186055229289,0.0249906285143071,0.0374859427714607,95.5516681244533
3,2,4.44527923866767,0.813924367643376,0.0125219133483596,0,94.7282744803406
3,3,4.55509796580557,0.898539872706851,0.0124797204542618,0.0249594409085236,94.5089230001248
3,5,4.25717852684145,0.973782771535581,0.0124843945068664,0.0249687890137328,94.7315855181024
3,4,4.10307730798099,0.900675506629973,0,0.0250187640730548,94.971228421316
3,1,3.98600524803199,0.91215794077221,0.0124953142571536,0.0249906285143071,95.0643508684243
3,7,4.0520260130065,1.00050025012506,0.0125062531265633,0.0250125062531266,94.9099549774887
3,6,14.2553191489362,0.951188986232791,0.125156445556946,0.0125156445556946,84.6558197747184
4,3,8.18852356544568,0.8126015751969,0.0125015626953369,0.0125015626953369,90.9738717339667
4,2,8.45913911416095,0.66126013724267,0.0124766063630692,0.0124766063630692,90.8546475358702
4,5,7.2768192048012,0.550137534383596,0.0250062515628907,0,92.1480370092523
4,4,7.91384923616329,0.66366140746306,0.100175306786877,0.0125219133483596,91.3097921362384
4,1,7.66825118839129,0.662997247935952,0.0125093820365274,0,91.6562421816362
4,7,14.017521902378,1.22653316645807,0.0125156445556946,0.0250312891113892,84.7183979974969
4,6,10.8736407949006,0.912385951756031,0.0374953130858643,0.0124984376952881,88.1639795025622
5,3,30.4037111334002,1.46690070210632,0.0125376128385155,0.0376128385155466,68.0792377131394
5,2,26.6716848576088,1.5054572826496,0,0.0250909547108267,71.7977669050307
5,5,27.0283785473184,1.42517814726841,0,0.0125015626953369,71.5339417427178
5,1,28.7009063444109,1.47280966767372,0,0.0503524672708963,69.7759315206445
5,4,30.2337270671023,1.65870821814526,0.0125659713495853,0.0753958280975119,68.0196029153054
5,7,54.3508374260169,2.39264576249843,0.0125928724342022,0.0629643621710112,43.1809595768795
5,6,48.039584116247,2.58048352749593,0,0.0626330953275711,49.3172992609295
6,3,9.90483345855247,0.613573754069622,0,0.0375657400450789,89.4440270473328
6,2,10.1077154308617,0.463426853707415,0.0125250501002004,0.0250501002004008,89.3912825651303
6,5,10.284928767808,0.574856285928518,0,0.0374906273431642,89.1027243189203
6,1,9.34719959904774,0.601428392432026,0.0125297581756672,0.0250595163513344,90.0137827339932
6,4,9.23192394295722,0.587940955716788,0.0125093820365274,0.0500375281461096,90.1175881911434
6,7,47.7890517349367,1.99173243141676,0.0125266190655142,0.23800576224477,49.9686834523362
6,6,14.421632448673,0.838758137205809,0.0250375563345018,0.0625938908362544,84.6519779669504
7,3,6.61920819283127,0.499562882477832,0.0249781441238916,0.0249781441238916,92.8312726364431
7,2,7.03662042244719,0.674915635545557,0.0249968753905762,0.0124984376952881,92.2509686289214
7,1,7.37263737639254,0.513205657779447,0.0250344223307047,0.0125172111653524,92.076605332332
7,5,6.38271296527604,0.537097177117162,0.024981264051961,0.0499625281039221,93.0052460654509
7,4,6.70830730793254,0.537164272329794,0.0374765771392879,0,92.7170518425984
7,7,16.1225766103815,1.01313320825516,0,0.0250156347717323,82.8392745465916
7,6,9.25,0.8875,0.025,0,89.8375
8,3,5.50068758594824,0.400050006250781,0.0125015626953369,0.0250031253906738,94.061757719715
8,2,4.94258612081877,0.299550673989016,0.0124812780828757,0.0124812780828757,94.7329006490265
8,1,5.9257407175897,0.350043755469434,0.0125015626953369,0.0125015626953369,93.6992124015502
8,5,5.8125,0.3875,0.025,0,93.775
8,4,5.90295147573787,0.262631315657829,0.0125062531265633,0.0500250125062531,93.7718859429715
8,7,19.1191191191191,1.1011011011011,0.0125125125125125,0.025025025025025,79.7422422422422
8,6,7.0125,0.4125,0.0125,0.0375,92.525
9,3,3.59685275384039,0.38716123392032,0.249781441238916,0,95.7662045710004
9,2,3.60979265550837,0.337247064701474,0.524606545091182,0.0124906320259805,95.515863102673
9,1,4.4119485064367,0.599925009373828,0,0.0124984376952881,94.9756280464942
9,5,4.11507191994997,0.42526579111945,0.225140712945591,0.0125078173858662,95.2220137585991
9,7,23.5852592129919,1.08682073703935,0.137414116177389,0.0124921923797626,75.1780137414116
9,4,4.15990006246096,0.312304809494066,0,0,95.527795128045
9,6,6.53178468839765,0.537030098663669,0.0124890720619458,0.0124890720619458,92.9062070688148
10,3,4.37335999000375,0.299887542171686,0.0124953142571536,0,95.3142571535674
10,2,4.82741370685343,0.562781390695348,0.0250125062531266,0.0125062531265633,94.5722861430715
10,1,3.97798348761571,0.28771578684013,1.25093820365274,0.0125093820365274,94.4708531398549
10,5,4.44777611194403,0.449775112443778,0.0124937531234383,0.0124937531234383,95.0774612693653
10,7,30.1450362590648,1.12528132033008,0.137534383595899,0.0125031257814454,68.5796449112278
10,4,5.08940852819807,0.687757909215956,0,0.0250093785169439,94.197824184069
10,6,7.16429107276819,0.51262815703926,0.0250062515628907,0.0250062515628907,92.2730682670668
11,3,6.03372891942536,0.66208619612742,0.174890693316677,0.0124921923797626,93.1168019987508
11,2,7.00087510938867,1.0501312664083,0.0125015626953369,0,91.9364920615077
11,1,5.18685164354456,0.574928133983252,0.162479690038745,0.0249968753905762,94.0507436570429
11,5,6.27264775709109,0.562289141571911,0.0124953142571536,0,93.1525677870798
11,7,39.6747967479675,2.30143839899937,0.0250156347717323,0.0375234521575985,57.9612257661038
11,4,7.92202923903536,0.91215794077221,0.0124953142571536,0.0249906285143071,91.128326877421
11,6,8.52635532740704,1.01414799048454,0.0876424189307625,0.025040691123075,90.3468135720546
12,3,2.76008492569002,0.162357936805295,0.0249781441238916,0,97.0525789933808
12,2,1.89905047476262,0.0749625187406297,0.0249875062468766,0.0124937531234383,97.9885057471264
12,1,1.5992003998001,0.262368815592204,0.0249875062468766,0,98.1134432783608
12,5,1.66042446941323,0.0374531835205993,0.0249687890137328,0.0124843945068664,98.2646691635456
12,7,46.7598951179923,0.524410038706455,0.0124859533025346,0.0124859533025346,52.6907229366962
12,4,2.17282717282717,0.04995004995005,0.0124875124875125,0.0124875124875125,97.7522477522478
12,6,2.62270513300862,0.249781441238916,0.0124890720619458,0,97.1150243536905
13,3,2.66116941529235,0.249875062468766,0.0124937531234383,0,97.0764617691154
13,2,2.91140822191678,0.237410970885918,0,0,96.8511808071973
13,1,2.7573300062383,0.237055520898316,0,0,97.0056144728634
13,5,2.6875,0.1875,0,0,97.125
13,7,27.5715535558055,0.287464066991626,0,0.0124984376952881,72.1284839395076
13,4,2.84786410192356,0.112415688233825,0.0124906320259805,0,97.0272295778166
13,6,4.52330376108959,0.274896913657379,0,0.0124953142571536,95.1893040109959
14,3,3.35662590466683,0.162216121786873,0.0124781632143748,0.0124781632143748,96.4562016471175
14,2,5.28485757121439,0.237381309345327,0.0124937531234383,0.0124937531234383,94.4527736131934
14,1,3.47456567929009,0.0499937507811524,0.0124984376952881,0,96.4629421322335
14,5,3.68657835541115,0.0624843789052737,0,0.0124968757810547,96.2384403899025
14,7,27.0921808643517,0.199850112415688,0.0124906320259805,0.0124906320259805,72.6829877591806
14,4,4.24469413233458,0.0624219725343321,0.0124843945068664,0,95.6803995006242
14,6,5.63820477559695,0.350043755469434,0.0250031253906738,0.0250031253906738,93.9617452181523
15,3,4.44333499750374,0.386919620569146,0.0249625561657514,0.0249625561657514,95.1198202695956
15,2,3.3966033966034,0.0749250749250749,0.0124875124875125,0.0124875124875125,96.5034965034965
15,1,4.21919860192236,0.262139558107602,0,0.024965672200724,95.4936961677693
15,5,3.48880830311367,0.225084406652495,0.0125046892584719,0,96.2736026009754
15,7,23.3220847394076,0.224971878515186,0.0624921884764404,0.0249968753905762,76.3654543182102
15,4,4.17030840304657,0.224747159445624,0,0.0249719066050693,95.5799725309027
15,6,5.25196948855821,0.350131299237214,0.0125046892584719,0.0125046892584719,94.3728898336876
16,1,8.09696363863551,0.262401599400225,0.0124953142571536,0,91.6281394477071
16,3,8.24484697064335,0.23735165521549,0,0,91.5178013741412
16,2,7.65382691345673,0.375187593796898,0.0250125062531266,0,91.9459729864932
16,5,6.65332666333167,0.275137568784392,0.0125062531265633,0,93.0590295147574
16,7,24.8937234308577,0.825206301575394,0,0.0250062515628907,74.256064016004
16,4,6.46007747094839,0.224915656628764,0.0124953142571536,0,93.3025115581657
16,6,9.87376577927759,0.337457817772778,0.0124984376952881,0.0124984376952881,89.7637795275591
17,1,3.482711272001,0.386967919111222,0,0.024965672200724,96.1053551366871
17,3,3.62681340670335,0.212606303151576,0,0,96.1605802901451
17,2,3.44956880389951,0.0999875015623047,0,0.0124984376952881,96.4379452568429
17,5,3.28339575530587,0.137328339575531,0,0.0249687890137328,96.5543071161049
17,7,26.9601100412655,0.500187570338877,0.0250093785169439,0.200075028135551,72.3146179817432
17,4,3.3775331498624,0.062546910182637,0,0.0125093820365274,96.5474105579184
17,6,5.43614096475881,0.462384403899025,0.0124968757810547,0.0374906273431642,94.0514871282179
18,1,4.11301412676585,0.32504063007876,0.0125015626953369,0.0125015626953369,95.5369421177647
18,3,3.78702662167229,0.199975003124609,0.0249968753905762,0.0249968753905762,95.9630046244219
18,2,3.24675324675325,0.0874125874125874,0.04995004995005,0.0124875124875125,96.6033966033966
18,5,4.02148120394655,0.38716123392032,0.0249781441238916,0,95.5663794180092
18,7,16.9981238273921,0.175109443402126,0.0125078173858662,0.0250156347717323,82.7892432770482
18,4,3.61340335083771,0.125031257814454,0.0125031257814454,0,96.2490622655664
18,6,4.76369092273068,0.300075018754689,0.0125031257814454,0,94.9237309327332
19,1,3.47543442930366,0.0875109388673584,0,0.0125015626953369,96.4245530691336
19,3,3.4956304619226,0.0873907615480649,0.0124843945068664,0,96.4044943820225
19,2,5.24213679480779,0.312031952071892,0.0124812780828757,0.0249625561657514,94.4083874188717
19,5,3.59865050606023,0.0999625140572285,0.0124953142571536,0,96.2888916656254
19,7,23.8166604221306,0.187336080929187,0.0249781441238916,0.0124890720619458,75.9585362807543
19,4,3.99800099950025,0.187406296851574,0.0124937531234383,0.0124937531234383,95.7896051974013
19,6,5.76707027836725,0.12482836100362,0.012482836100362,0,94.0956185245288
20,1,5.3841349156777,0.374765771392879,0.0749531542785759,0,94.1661461586508
20,3,5.30851861104172,0.174868848363727,0.024981264051961,0.024981264051961,94.4666500124906
20,2,4.3,0.1125,0.025,0,95.5625
20,7,28.9661207650956,0.462557819727466,0.125015626953369,0.0250031253906738,70.4213026628329
20,5,4.60616652103358,0.362002246910498,0.012482836100362,0.024965672200724,94.9943827237548
20,4,4.9045301385249,0.124797204542618,0.0499188818170473,0.0124797204542618,94.9082740546612
20,6,8.21678321678322,0.524475524475524,0.0124875124875125,0.0124875124875125,91.2337662337662
21,1,3.6861177058603,0.0374859427714607,0.0124953142571536,0,96.2639010371111
21,3,3.79952505936758,0.199975003124609,0,0,96.0004999375078
21,2,3.57232075943043,0.262303272545591,0.024981264051961,0,96.140394703972
21,7,36.4408897775556,0.399900024993752,0.0249937515621095,0.0124968757810547,63.1217195701075
21,5,3.72313843078461,0.087456271864068,0.0249875062468766,0.0124937531234383,96.151924037981
21,4,4.32391902024494,0.387403149212697,0,0,95.2886778305424
21,6,6.42419697537808,0.212473440819898,0.0249968753905762,0.0124984376952881,93.3258342707162
22,1,1.63647720174891,0.0624609618988132,0,0,98.3010618363523
22,3,1.62276869304706,0.06241418050181,0.024965672200724,0,98.2898514542504
22,2,2.01074060197327,0.0999125764955664,0.0124890720619458,0.0124890720619458,97.8643686774073
22,7,43.5618833520669,0.299737729486699,0.0124890720619458,0.0999125764955664,56.0259772698888
22,5,1.37448456828689,0.0624765712857678,0.0124953142571536,0.0124953142571536,98.538048231913
22,4,1.8615692153923,0.0124937531234383,0.0249875062468766,0.0124937531234383,98.0884557721139
22,6,2.49937515621095,0.0874781304673832,0.0249937515621095,0.0249937515621095,97.3631592101975
23,1,7.49625187406297,1.53673163418291,0.0124937531234383,0.0124937531234383,90.9420289855072
23,7,24.302689180738,0.150093808630394,0,0.0125078173858662,75.5347091932458
23,3,4.65900574569073,0.149887584311766,0.0124906320259805,0,95.1786160379715
23,2,4.49718925671455,0.0499687695190506,0,0,95.4528419737664
23,5,6.6125,0.3875,0,0.0125,92.9875
23,4,4.53070394408387,0.0873689465801298,0.0124812780828757,0,95.3694458312531
23,6,8.03047333583115,0.599475458973398,0,0,91.3700512051955
24,1,1.46286571642911,0.0375093773443361,0.0500125031257814,0,98.4496124031008
24,7,54.913728432108,0.325081270317579,0.0250062515628907,0.0625156289072268,44.6736684171043
24,3,1.91106669997502,0.0749437921558831,0.0124906320259805,0,98.0014988758431
24,2,2.22333250062453,0.149887584311766,0.024981264051961,0.0124906320259805,97.5893080189858
24,5,1.92379762648345,0.174890693316677,0.0124921923797626,0.0124921923797626,97.8763272954403
24,4,1.81227346581677,0.224971878515186,0.0124984376952881,0.0124984376952881,97.9377577802775
24,6,2.48625687156422,0.174912543728136,0.0374812593703148,0,97.3013493253373
25,1,5.00624219725343,0.0749063670411985,0.0249687890137328,0.0124843945068664,94.8813982521848
25,3,7.62023735165522,0.974391005621487,0,0.0124921923797626,91.3928794503435
25,7,29.0922711949057,0.249719066050693,0,0.0124859533025346,70.645523785741
25,2,5.33416614615865,0.512179887570269,0,0,94.1536539662711
25,5,4.84394506866417,0.0749063670411985,0,0,95.0811485642946
25,4,4.58692663417073,0.0874890638670166,0.0124984376952881,0,95.313085864267
25,6,10.5888236029504,0.700087510938867,0.0625078134766846,0.0125015626953369,88.6360795099387
26,1,1.83658170914543,0.0499750124937531,0.0249875062468766,0,98.0884557721139
26,3,1.93556443556444,0.04995004995005,0.024975024975025,0,97.9895104895105
26,7,52.8691086385798,0.450056257032129,0.0875109388673584,0.0375046880860107,46.5558194774347
26,2,1.63565988263204,0.0374578599076039,0,0,98.3268822574604
26,5,1.51136647514364,0.0749437921558831,0.024981264051961,0,98.3887084686485
26,4,1.84884447220487,0.0874453466583385,0.0124921923797626,0,98.051217988757
26,6,3.22218059198202,0.299737729486699,0.0249781441238916,0.0124890720619458,96.4406144623455
27,1,4.79580367178719,0.0749344323716748,0.0124890720619458,0.0124890720619458,95.1042837517172
27,7,32.0394408387419,0.224663005491762,0.0873689465801298,0.0124812780828757,67.6360459311033
27,3,4.50799200799201,0.187312687312687,0,0,95.3046953046953
27,2,4.63402448163877,0.499625281039221,0.0124906320259805,0,94.853859605296
27,5,4.58005740671409,0.212155247722451,0,0.0124797204542618,95.1953076251092
27,4,5.01810011234553,0.761453002122082,0,0,94.2204468855324
27,6,11.1319574734209,0.600375234521576,0,0,88.2676672920575
28,1,1.76205948512872,0.0624843789052737,0.0249937515621095,0,98.1504623844039
28,3,1.4367816091954,0.0374812593703148,0.0124937531234383,0,98.5132433783108
28,7,47.3644766425181,0.399700224831376,0.024981264051961,0.024981264051961,52.1858606045466
28,2,1.43732033495813,0.0499937507811524,0.0124984376952881,0.0124984376952881,98.4876890388701
28,5,1.43588462979148,0.0499438132101386,0.0249719066050693,0,98.4891996503933
28,4,1.8872640919885,0.0374953130858643,0.0124984376952881,0,98.0627421572303
28,6,2.54840724547158,0.0749531542785759,0.0249843847595253,0.0249843847595253,97.3266708307308
29,1,3.16329082270568,0.0625156289072268,0,0,96.7741935483871
29,3,3.20240180135101,0.662997247935952,0,0,96.134600950713
29,7,28.6945658963148,0.212367270455965,0,0.0374765771392879,71.0555902560899
29,2,5.00874344241819,0.424681488883338,0,0,94.5665750686985
29,5,2.94742100661921,0.062445360309729,0,0.0124890720619458,96.9776445610091
29,4,2.9863801074597,0.0999625140572285,0,0,96.9136573784831
29,6,5.77211394302849,0.112443778110945,0,0.0249875062468766,94.0904547726137
30,1,2.17636022514071,0.0875547217010632,0.0125078173858662,0,97.7235772357724
30,3,1.44963759060235,0.0374906273431642,0.0249937515621095,0.0124968757810547,98.4753811547113
30,7,43.3691308691309,0.362137862137862,0.0124875124875125,0.0624375624375624,56.1938061938062
30,5,1.41285321330333,0.0375093773443361,0.0125031257814454,0,98.5371342835709
30,2,1.62337662337662,0.0374625374625375,0.0124875124875125,0,98.3266733266733
30,4,2.95110666499937,0.275103163686382,0.0125046892584719,0.0125046892584719,96.7487807927973
30,6,3.09806371018114,0.149906308557152,0.0999375390381012,0,96.6520924422236
31,1,4.23432425680739,0.199850112415688,0,0.0124906320259805,95.5533349987509
31,3,4.99625281039221,0.287284536597552,0,0,94.7164626530102
31,7,31.1336082989626,0.249968753905762,0,0.0124984376952881,68.6039245094363
31,5,4.27179615288534,0.112415688233825,0,0,95.6157881588808
31,2,3.78702662167229,0.0624921884764404,0,0,96.1504811898513
31,4,4.68457214241099,0.0624609618988132,0.0124921923797626,0.0124921923797626,95.2279825109307
31,6,6.19845038740315,0.137465633591602,0.0249937515621095,0.0249937515621095,93.614096475881
32,1,3.83366633366633,0.0874125874125874,0.0124875124875125,0,96.0664335664336
32,3,3.25924075924076,0.0874125874125874,0.0124875124875125,0.0124875124875125,96.6283716283716
32,7,23.3683420855214,0.250062515628907,0.0250062515628907,0.0250062515628907,76.3315828957239
32,5,3.13632387854555,0.0749718855429214,0.0249906285143071,0.0249906285143071,96.7387229788829
32,2,3.76108959140322,0.087467199800075,0.0249906285143071,0.0124953142571536,96.1139572660252
32,4,3.87354741971761,0.0624765712857678,0,0.0124953142571536,96.0514806947395
32,6,5.31768817875421,0.137311197103982,0,0,94.5450006241418
33,1,5.6860784803799,0.274931267183204,0.0499875031242189,0,93.9890027493127
33,3,5.92055958031476,0.337247064701474,0.0124906320259805,0,93.7297027229578
33,7,17.7117162128404,0.462153384961279,0.0124906320259805,0,81.8136397701724
33,4,4.88505747126437,0.324837581209395,0.0249875062468766,0.0124937531234383,94.7526236881559
33,5,5.20664252715695,0.287176925958297,0.0124859533025346,0,94.4936945935822
33,2,4.89938757655293,0.474940632420947,0.0124984376952881,0.0124984376952881,94.6006749156356
33,6,7.64904386951631,0.362454693163355,0.0124984376952881,0.0499937507811524,91.9260092488439
34,1,4.30819180819181,0.137362637362637,0.024975024975025,0.0124875124875125,95.516983016983
34,3,3.66204224471941,0.112485939257593,0.0249968753905762,0,96.2004749406324
34,7,25.7257257257257,0.775775775775776,0.0125125125125125,0.175175175175175,73.3108108108108
34,5,3.66066966516742,0.28735632183908,0.0124937531234383,0.0499750124937531,95.9895052473763
34,4,2.92463442069741,0.0874890638670166,0.0124984376952881,0.0124984376952881,96.962879640045
34,2,3.13710786151731,0.137482814648169,0.0124984376952881,0.0124984376952881,96.7004124484439
34,6,5.47089682737947,0.274793904571571,0.024981264051961,0.024981264051961,94.204346739945
35,1,2.96027979015738,0.112415688233825,0.0124906320259805,0.0124906320259805,96.9023232575568
35,3,2.99925018745314,0.0749812546863284,0.0124968757810547,0,96.9132716820795
35,7,14.8537134283571,0.16254063515879,0.0250062515628907,0.0125031257814454,84.9462365591398
35,5,3.02462192225972,0.0624921884764404,0.0374953130858643,0,96.875390576178
35,2,3.11133325003124,0.0624765712857678,0.0124953142571536,0.0124953142571536,96.8011995501687
35,4,3.8447135189115,0.174759705405068,0.024965672200724,0.037448508301086,95.9181125951816
35,6,5.01062101711858,0.337373484943146,0.0124953142571536,0.0124953142571536,94.627014869424
36,1,3.96002498438476,0.0749531542785759,0.0124921923797626,0,95.9525296689569
36,3,3.40866525159196,0.312148832563366,0,0.0124859533025346,96.2666999625421
36,7,22.3957032225831,0.149887584311766,0.024981264051961,0.024981264051961,77.3919560329753
36,5,3.80774032459426,0.0998751560549313,0.0124843945068664,0.0249687890137328,96.0549313358302
36,4,3.73330003745786,0.0624297665126732,0.0249719066050693,0,96.1792982894244
36,6,5.41724008507444,0.237707994495183,0.0250218941573877,0.0125109470786939,94.3075190791943
36,2,3.02537817227153,0.0625078134766846,0.0125015626953369,0,96.8996124515565
37,1,4.0630078759845,0.100012501562695,0.0125015626953369,0.0125015626953369,95.8119764970621
37,3,4.37655860349127,0.112219451371571,0.0124688279301746,0,95.498753117207
37,7,27.9979992497186,0.312617231461798,0.100037514067775,0.0250093785169439,71.5643366262348
37,5,4.37609402350588,0.237559389847462,0,0.0250062515628907,95.3613403350838
37,6,6.71333916739592,0.362545318164771,0.0125015626953369,0.0375046880860107,92.874109263658
37,2,4.76963416156824,0.0998876264202772,0.0124859533025346,0.0249719066050693,95.0930203521039
37,4,5.18555541671873,0.0499812570286143,0.0124953142571536,0,94.7519680119955
38,1,6.53015357722562,0.599325758521663,0.0124859533025346,0.0124859533025346,92.8455487576476
38,3,4.03699537557805,0.0999875015623047,0.0124984376952881,0,95.8505186851644
38,7,31.0642018486135,0.437172120909318,0.0124906320259805,0.024981264051961,68.4611541343992
38,5,4.5625,0.075,0.0125,0,95.35
38,2,3.9720209842618,0.174868848363727,0.0124906320259805,0,95.8406195353485
38,4,5.26315789473684,0.0875109388673584,0,0.0250031253906738,94.6243280410051
38,6,7.13036963036963,0.0874125874125874,0.0124875124875125,0.024975024975025,92.7447552447552
39,1,4.42334124703236,0.0624765712857678,0.0499812570286143,0,95.4642009246533
39,3,4.48918344379142,0.0625234462923596,0.0125046892584719,0,95.4357884206577
39,7,39.3272477178942,0.350131299237214,0.0500187570338877,0.0125046892584719,60.2600975365762
39,5,6.49107477218824,0.574210460616652,0.024965672200724,0,92.9097490949944
39,2,4.07449068866392,0.0499937507811524,0,0,95.8755155605549
39,6,8.02646361253277,0.599176132817376,0.024965672200724,0.024965672200724,91.3244289102484
39,4,7.0401400525197,0.312617231461798,0.0125046892584719,0,92.63473802676
40,1,1.41267658457307,0.0875109388673584,0,0,98.4998124765596
40,7,50.0250062515629,0.387596899224806,0.0125031257814454,0.0750187546886722,49.4998749687422
40,3,1.23765470683835,0.32504063007876,0.0250031253906738,0,98.4123015376922
40,5,1.43624328712377,0.062445360309729,0.0124890720619458,0.0124890720619458,98.4763332084426
40,2,1.47444708234412,0.0749718855429214,0.0124953142571536,0.0124953142571536,98.4255904035986
40,6,2.06198450387403,0.0999750062484379,0.0124968757810547,0,97.8255436140965
40,4,1.94829524166354,0.0249781441238916,0,0.0124890720619458,98.0142375421506
41,1,6.93489941272023,0.549793827314757,0.0249906285143071,0.0124953142571536,92.4778208171935
41,7,31.2367137676629,0.212579717394023,0,0,68.5507065149431
41,3,6.06968902210566,0.174847008867241,0.0124890720619458,0,93.7429748969652
41,5,6.90731951036722,0.437172120909318,0.0124906320259805,0.0124906320259805,92.6305271046715
41,2,5.55902560899438,0.749531542785759,0.0249843847595253,0.0124921923797626,93.6539662710806
41,6,8.67990508305233,0.399650305982266,0,0.0124890720619458,90.9079555389035
41,4,6.94392406644186,0.187336080929187,0.0124890720619458,0,92.856250780567
42,1,1.02461576908659,0.0374859427714607,0.0124953142571536,0,98.9254029738848
42,7,40.8869456589631,0.549656464709557,0.0124921923797626,0.0249843847595253,58.525921299188
42,3,1.42393205096178,0.0624531601299026,0.0124906320259805,0,98.5011241568823
42,4,1.72435336748719,0.0499812570286143,0.0249906285143071,0,98.2006747469699
42,2,1.04921309018236,0.0374718960779415,0.0124906320259805,0,98.9008243817137
42,5,1.39912554653342,0.0499687695190506,0.0124921923797626,0,98.5384134915678
42,6,2.78610694652674,0.0999500249875062,0.0124937531234383,0.0124937531234383,97.0889555222389
43,1,0.237203495630462,0.0499375780274657,0,0,99.7128589263421
43,7,58.4707646176912,0.43728135932034,0.124937531234383,0.0499750124937531,40.9170414792604
43,3,0.162418790604698,0.0249875062468766,0,0,99.8125937031484
43,6,0.199950012496876,0.0624843789052737,0.0124968757810547,0,99.7250687328168
43,4,0.112457828314382,0,0,0,99.8750468574285
43,5,0.137345486327881,0.0374578599076039,0.0124859533025346,0,99.812710700462
43,2,0.149925037481259,0.0499750124937531,0.0249875062468766,0,99.7751124437781
44,1,5.10866849862603,0.0874344241818636,0,0.0124906320259805,94.7914064451661
44,7,22.2083437421934,0.187359480389708,0.162378216337747,0,77.4419185610792
44,3,6.18595351162209,0.649837540614846,0.0124968757810547,0.0249937515621095,93.1267183204199
44,6,6.80340170085042,0.662831415707854,0,0.0250125062531266,92.5087543771886
44,4,4.60731676863529,0.973904357597703,0,0,94.418778873767
44,5,4.48525737131434,0.462268865567216,0,0,95.0524737631184
44,2,4.06199225096863,0.112485939257593,0.0124984376952881,0,95.8130233720785
45,1,1.14928169893816,0.0249843847595253,0.0124921923797626,0,98.8132417239225
45,3,1.42464383904024,0.0499875031242189,0,0.0124968757810547,98.5128717820545
45,7,51.2185976752906,0.387451568553931,0,0.0499937507811524,48.3439570053743
45,6,2.2625,0.075,0.0625,0.0125,97.5875
45,4,1.675,0.025,0.0125,0,98.2875
45,5,1.43714071482129,0.0374906273431642,0.0249937515621095,0.0124968757810547,98.4878780304924
45,2,1.26155383462403,0.0499625281039221,0.024981264051961,0.0124906320259805,98.6510117411941
46,1,4.63576158940397,0.087467199800075,0,0,95.276771210796
46,3,4.42223610243598,0.287320424734541,0.0124921923797626,0.0124921923797626,95.26545908807
46,7,26.9264393655551,0.287248657424753,0,0.0249781441238916,72.7613338328962
46,6,7.0875,0.3375,0.0375,0.0125,92.525
46,4,5.44863784053986,0.0749812546863284,0,0.0124968757810547,94.4638840289928
46,5,4.88322717622081,0.312226801548645,0,0.0124890720619458,94.7920569501686
46,2,3.91103336248907,0.0749718855429214,0,0,96.013994751968
47,1,2.62205019353228,0.0749157198152079,0.0249719066050693,0,97.2780621800474
47,3,2.7625,0.2125,0.0125,0,97.0125
47,7,37.925,0.175,0.025,0,61.875
47,6,4.38475952529669,0.0749531542785759,0.0124921923797626,0.0124921923797626,95.5153029356652
47,4,2.29741540766638,0.0499438132101386,0.0249719066050693,0,97.6276688725184
47,5,2.41129435282359,0.0749625187406297,0.0124937531234383,0,97.5012493753123
47,2,2.14919405223041,0.0499812570286143,0.0249906285143071,0.0124953142571536,97.7633387479695
48,1,3.1105559025609,0.249843847595253,0.0124921923797626,0.0124921923797626,96.6146158650843
48,3,3.35,0.0625,0.0125,0,96.575
48,7,29.7800549862534,0.23744063984004,0.0249937515621095,0.0249937515621095,69.9325168707823
48,6,4.975,0.125,0.0125,0,94.8875
48,4,3.18630513557416,0.0624765712857678,0,0,96.7512182931401
48,5,2.93566520924422,0.0499687695190506,0.0124921923797626,0.0124921923797626,96.9893816364772
48,2,3.42371610646008,0.299887542171686,0.0124953142571536,0,96.2639010371111
49,1,1.82454386403399,0.0374906273431642,0,0,98.1379655086228
49,3,1.68581418581419,0.04995004995005,0.024975024975025,0,98.2392607392607
49,7,18.4259837601499,0.137414116177389,0,0.0124921923797626,81.4241099312929
49,6,2.63552335748189,0.0624531601299026,0.0124906320259805,0,97.2895328503622
49,4,2.25,0.025,0,0,97.725
49,5,1.67207387072623,0.0748689792862491,0.0374344896431245,0.0124781632143748,98.20314449713
49,2,1.32367632367632,0.0874125874125874,0,0.0124875124875125,98.5764235764236
50,1,4.97437820272466,0.199975003124609,0.0124984376952881,0.0124984376952881,94.8006499187602
50,3,5.50206327372765,0.225084406652495,0,0.0125046892584719,94.2603476303614
50,6,6.97412823397075,0.449943757030371,0.0249968753905762,0.0249968753905762,92.5259342582177
50,7,19.8775612193903,0.924537731134433,0.0249875062468766,0.0374812593703148,79.1354322838581
50,4,4.52613153288322,0.237559389847462,0.0125031257814454,0,95.2238059514879
50,5,4.84454988138344,0.287176925958297,0.0124859533025346,0,94.8557872393557
50,2,4.95061882735342,0.312539067383423,0.0125015626953369,0.0125015626953369,94.7118389798725
51,1,3.23588205897051,0.0624687656171914,0.0124937531234383,0.0124937531234383,96.6766616691654
51,3,3.11172206948263,0.0624843789052737,0.0124968757810547,0.0124968757810547,96.80079980005
51,6,4.92438445194351,0.199975003124609,0.0124984376952881,0.0124984376952881,94.8506436695413
51,7,18.9726284214473,0.449943757030371,0.112485939257593,0.149981252343457,80.3149606299213
51,4,3.31084457771114,0.0624687656171914,0.0124937531234383,0,96.6141929035482
51,5,3.26086956521739,0.237381309345327,0.0124937531234383,0.0249875062468766,96.464267866067
51,2,3.02273295028728,0.0999250562078441,0.0124906320259805,0.0124906320259805,96.8523607294529
52,1,2.83537346989758,0.0624531601299026,0.0124906320259805,0,97.0896827379465
52,3,3.22298563397876,0.262336039975016,0.0124921923797626,0,96.5021861336665
52,6,5.45477292631052,0.087576629550857,0.0125109470786939,0.0125109470786939,94.4326285499812
52,7,16.208447888028,0.124968757810547,0.0249937515621095,0.0124968757810547,83.6290927268183
52,4,3.82404398900275,0.0374906273431642,0.0124968757810547,0.0124968757810547,96.113471632092
52,5,2.8735632183908,0.0749625187406297,0,0.0124937531234383,97.0389805097451
52,2,2.82147315855181,0.0749063670411985,0.0124843945068664,0,97.0911360799001
53,1,3.52367862051731,0.0999625140572285,0.0249906285143071,0.0124953142571536,96.338872922654
53,3,3.28626764963139,0.0624765712857678,0.0249906285143071,0,96.6262651505685
53,7,23.6868434217109,0.237618809404702,0.0125062531265633,0.0250125062531266,76.0380190095048
53,6,5.07563445430679,0.112514064258032,0.0500062507813477,0,94.7618452306538
53,4,4.09641563631822,0.124890720619458,0.0249781441238916,0,95.7537154989384
53,5,3.35872143838182,0.0374578599076039,0.0124859533025346,0,96.591334748408
53,2,3.59730202348239,0.149887584311766,0.0124906320259805,0.0124906320259805,96.2278291281539
54,1,3.93651587103224,0.0874781304673832,0,0,95.9760059985004
54,3,4.6767537826685,0.0500187570338877,0,0,95.2732274602976
54,7,30.6433479075578,0.337289194253591,0.0249843847595253,0.0374765771392879,68.9569019362898
54,6,6.42419697537808,0.137482814648169,0,0.0249968753905762,93.4133233345832
54,4,4.3625,0.1875,0,0,95.45
54,5,3.92205845615788,0.0874344241818636,0.024981264051961,0,95.9655258556083
54,2,3.73423254652179,0.0874235044336206,0,0,96.1783439490446
55,1,4.85764235764236,0.112387612387612,0.0124875124875125,0,95.0174825174825
55,3,5.17306010246158,0.399850056228914,0.0124953142571536,0.0249906285143071,94.389603898538
55,7,32.5128076971136,0.324878170685993,0.0249906285143071,0.0499812570286143,67.0873422466575
55,6,8.88305847076462,0.462268865567216,0.0124937531234383,0.0249875062468766,90.6171914042979
55,4,4.93441599000625,0.0499687695190506,0.0249843847595253,0.0249843847595253,94.9656464709556
55,5,5.85591209888875,0.0998876264202772,0,0.0124859533025346,94.0317143213884
55,2,4.49943757030371,0.0374953130858643,0.0124984376952881,0.0124984376952881,95.4380702412198
56,1,0.224971878515186,0.0374953130858643,0.0249968753905762,0,99.7125359330084
56,3,0.387306346826587,0.0374812593703148,0.0124937531234383,0,99.5627186406797
56,7,26.522445917219,0.0500187570338877,0.0375140677754158,0,73.3900212579717
56,6,0.699126092384519,0.0499375780274657,0.0124843945068664,0,99.2384519350811
56,5,0.537231384307846,0.0374812593703148,0.0249875062468766,0,99.400299850075
56,4,0.637101811367895,0.0374765771392879,0.0124921923797626,0,99.3129294191131
56,2,0.524606545091182,0.0624531601299026,0.024981264051961,0,99.387959030727
57,1,6.69916260467442,0.0624921884764404,0,0,93.2383452068491
57,7,42.8214419592653,0.412345370486068,0.0249906285143071,0.0124953142571536,56.7287267274772
57,3,6.42259152817693,0.449831313257528,0.0124953142571536,0,93.1150818443084
57,6,9.13521619595101,0.137465633591602,0.0249937515621095,0,90.7023244188953
57,5,6.34603372891943,0.18738288569644,0.0249843847595253,0,93.4415990006246
57,4,7.43842980372547,0.750093761720215,0,0,91.8114764345543
57,2,5.08495752123938,0.0749625187406297,0,0,94.84007996002
58,1,0.0999625140572285,0.0374859427714607,0.0124953142571536,0,99.8500562289142
58,7,44.6334751063297,0.125093820365274,0.0125093820365274,0.0375281461095822,55.1913935451589
58,3,0.0874235044336206,0.0124890720619458,0.0124890720619458,0,99.8751092793805
58,6,0.0874890638670166,0.0499937507811524,0,0,99.8625171853518
58,5,0.0499812570286143,0.0374859427714607,0,0,99.9125328001999
58,4,0.0874235044336206,0.062445360309729,0.0124890720619458,0,99.8376420631947
58,2,0.14986886474335,0.062445360309729,0.0124890720619458,0,99.775196702885
59,1,6.74662668665667,0.249875062468766,0,0.0124937531234383,92.9910044977511
59,7,32.126809785322,0.299550673989016,0.0374438342486271,0,67.5361957064403
59,3,5.59650218613367,0.0999375390381012,0.0249843847595253,0,94.2785758900687
59,6,9.65603502188868,0.137585991244528,0.0250156347717323,0.0125078173858662,90.1688555347092
59,5,5.47294764463326,0.0624765712857678,0.0124953142571536,0,94.4520804698238
59,2,6.35693767953041,0.262270513300862,0,0,93.3807918071687
59,4,5.40776820282253,0.0749344323716748,0.0124890720619458,0,94.5048082927438
60,1,1.67311774253964,0.0374578599076039,0.0124859533025346,0,98.2769384442502
60,7,59.0108654926939,0.374672161858374,0.0249781441238916,0.0749344323716748,40.5145497689522
60,3,2.12393803098451,0.0374812593703148,0.0249875062468766,0.0124937531234383,97.8010994502749
60,6,2.29856339787633,0.18738288569644,0.0124921923797626,0.0124921923797626,97.4890693316677
60,5,1.18690654672664,0.28735632183908,0,0,98.5257371314343
60,2,1.46176911544228,0.0499750124937531,0.0124937531234383,0,98.4757621189405
60,4,2.04871955028107,0.412242348532167,0.0124921923797626,0,97.526545908807
61,1,6.67666916729182,0.0625156289072268,0,0.0125031257814454,93.2483120780195
61,7,34.05824271966,0.199975003124609,0,0.0124984376952881,65.7292838395201
61,3,6.19767587154817,0.137448456828689,0.0374859427714607,0,93.6273897288517
61,6,9.80637101811368,0.374765771392879,0.0124921923797626,0,89.8063710181137
61,2,5.62289141571911,0.0499812570286143,0.0124953142571536,0,94.3146320129951
61,5,5.94257178526841,0.187265917602996,0.0124843945068664,0,93.8576779026217
61,4,5.94554084436673,0.262303272545591,0,0.0124906320259805,93.7796652510617
62,1,1.53730783652043,0.0374953130858643,0,0,98.4251968503937
62,7,33.3499937523429,0.437335999000375,0,0.0249906285143071,66.1876796201424
62,3,1.46122143124766,0.0499562882477832,0.0124890720619458,0,98.4763332084426
62,6,3.57455318085239,0.0624921884764404,0.0124984376952881,0.0124984376952881,96.3379577552806
62,2,1.42393205096178,0.212340744441669,0,0.0124906320259805,98.3512365725706
62,5,1.36215946013497,0.0499875031242189,0,0,98.5878530367408
62,4,1.29918800749532,0.0249843847595253,0,0,98.6758276077452
63,1,0.0874235044336206,0.0499562882477832,0.0749344323716748,0,99.7876857749469
63,7,63.95,0.425,0.05,0.0375,35.5375
63,3,0.0874781304673832,0.0249937515621095,0.0124968757810547,0,99.8750312421895
63,6,0.149925037481259,0,0.0124937531234383,0.0124937531234383,99.8250874562719
63,2,0.0874781304673832,0.0249937515621095,0.0124968757810547,0,99.8750312421895
63,5,0.0874016731177425,0.0374578599076039,0.0124859533025346,0.0124859533025346,99.8501685603696
63,4,0.23735165521549,0.0124921923797626,0.0124921923797626,0,99.737663960025
64,1,7.34540911930044,0.18738288569644,0.0249843847595253,0,92.4422236102436
64,7,31.0922269432642,0.224943764058985,0,0.0124968757810547,68.6703324168958
64,3,6.14539095678241,0.124906320259805,0,0,93.7297027229578
64,6,11.6125,0.45,0,0.025,87.9125
64,2,5.48064918851436,0.0873907615480649,0.0249687890137328,0,94.4069912609238
64,5,5.93305021234074,0.0749437921558831,0.0124906320259805,0,93.9795153634774
64,4,6.79405520169851,0.137379792681404,0,0,93.0685650056201
65,1,1.07513439179897,0.0375046880860107,0.0125015626953369,0,98.8748593574197
65,7,36.6679155738729,0.437117522168103,0.0374672161858374,0.0249781441238916,62.8325215436493
65,3,1.49887584311766,0.0374718960779415,0.024981264051961,0,98.4386709967524
65,6,2.37203495630462,0.0499375780274657,0.0249687890137328,0.0249687890137328,97.5280898876404
65,2,1.51193302511558,0.162439085342996,0,0,98.3256278895414
65,5,1.32450331125828,0.0374859427714607,0.0749718855429214,0,98.5630388604273
65,4,1.61189553917281,0.0374859427714607,0.0249906285143071,0,98.3256278895414
66,1,0.1625,0.0375,0.0125,0,99.7875
66,7,62.3922009748781,0.437445319335083,0.0124984376952881,0.0374953130858643,37.1203599550056
66,3,0.112401648557512,0.0499562882477832,0,0,99.8376420631947
66,6,0.224831376467649,0.0749437921558831,0.0124906320259805,0,99.6877341993505
66,2,0.162398500936914,0.0499687695190506,0.0249843847595253,0,99.7626483447845
66,4,0.112471882029493,0.0374906273431642,0,0,99.8500374906273
66,5,0.112387612387612,0.04995004995005,0.0124875124875125,0,99.8251748251748
67,1,3.62273579013117,0.0749531542785759,0.0124921923797626,0,96.2898188632105
67,7,24.3875,0.0875,0,0,75.525
67,3,4.21144713821545,0.362409397650587,0,0.0124968757810547,95.4136465883529
67,6,6.01174853143357,0.274965629296338,0,0,93.7132858392701
67,2,3.39533141929846,0.06241418050181,0,0,96.5422544001997
67,4,3.69815092453773,0.087456271864068,0.0124937531234383,0,96.2018990504748
67,5,3.82022471910112,0.0499375780274657,0,0.0124843945068664,96.1173533083645
68,1,1.54922538730635,0.0374812593703148,0,0,98.4132933533233
68,7,46.3451205797826,0.262401599400225,0.112457828314382,0.0749718855429214,53.2050481069599
68,3,1.88537894868273,0.0499438132101386,0.0249719066050693,0,98.0397053315021
68,6,1.975,0.05,0.0125,0.0125,97.95
68,2,1.55038759689922,0.0375093773443361,0.0250062515628907,0.0125031257814454,98.3745936484121
68,4,2.09868831980012,0.0249843847595253,0.0124921923797626,0,97.8638351030606
68,5,1.83635227982511,0.0749531542785759,0.0124921923797626,0,98.0762023735166
69,1,3.57589397349337,0.0625156289072268,0,0.0125031257814454,96.349087271818
69,7,21.0920904660752,0.249906285143071,0.0249906285143071,0.0249906285143071,78.6080219917531
69,3,3.41378016756284,0.0750281355508316,0,0,96.5111916968863
69,6,5.5840099937539,0.0999375390381012,0.0124921923797626,0.0124921923797626,94.2910680824485
69,2,3.71064467766117,0.0749625187406297,0,0,96.2143928035982
69,4,4.19475655430712,0.524344569288389,0,0,95.2808988764045
69,5,3.39490763854219,0.0748876684972541,0,0,96.5302046929606
70,1,1.5104231681438,0.06241418050181,0.024965672200724,0,98.4021969791537
70,7,21.335667833917,0.0750375187593797,0.0250125062531266,0.0125062531265633,78.551775887944
70,3,1.47444708234412,0.0374859427714607,0.0124953142571536,0,98.4755716606273
70,6,2.63486513486514,0.0749250749250749,0.0124875124875125,0.0124875124875125,97.2652347652348
70,2,1.41161773891318,0.0374765771392879,0.0124921923797626,0,98.5384134915678
70,4,1.43588462979148,0.0499438132101386,0.0249719066050693,0,98.4891996503933
70,5,1.4114414189358,0.0374718960779415,0.024981264051961,0,98.5261054209343
71,1,3.58525921299188,0.0624609618988132,0.0249843847595253,0.0124921923797626,96.31480324797
71,7,16.1790447611903,0.16254063515879,0.0250062515628907,0.0125031257814454,83.6209052263066
71,3,4.20776626295418,0.0998876264202772,0.0124859533025346,0.0124859533025346,95.6673742040205
71,6,6.848287928018,0.149962509372657,0.0249937515621095,0.0124968757810547,92.9642589352662
71,2,4.13698287714036,0.0749906261717285,0.0124984376952881,0,95.7755280589926
71,4,4.6113471632092,0.0874781304673832,0.0124968757810547,0.0124968757810547,95.2761809547613
