moment,node,user,system,iowait,softirq,idle
1,5,0.137448456828689,0.0249906285143071,0.0249906285143071,0,99.8125702861427
1,2,0.224803297115024,0.0499562882477832,0,0,99.7252404146372
1,3,0.187359480389708,0.0374718960779415,0,0,99.7751686235324
1,4,0.087467199800075,0.0124953142571536,0,0,99.9000374859428
1,1,0.14985014985015,0.0374625374625375,0,0,99.8126873126873
1,7,0.1998001998002,0.04995004995005,0.0124875124875125,0,99.7377622377622
1,6,0.224775224775225,0.024975024975025,0.024975024975025,0,99.7252747252747
2,2,0.187359480389708,0.0874344241818636,0.024981264051961,0.0124906320259805,99.6877341993505
2,5,0.124875124875125,0.04995004995005,0.0124875124875125,0,99.8126873126873
2,3,0.249781441238916,0.23729236917697,0.0124890720619458,0.0249781441238916,99.4754589733983
2,4,0.087467199800075,0.0249906285143071,0.0124953142571536,0,99.8750468574285
2,1,0.299962504686914,0.337457817772778,0.449943757030371,0.0124984376952881,98.9001374828146
2,7,2.58944208156117,0.900675506629973,0.100075056292219,0.0125093820365274,96.3972979734801
2,6,0.0749437921558831,0.0374718960779415,0,0,99.8875843117662
3,2,8.18340829585207,1.31184407796102,0.0124937531234383,0.0624687656171914,90.4297851074463
3,5,7.77111444277861,1.2743628185907,0.087456271864068,0.0374812593703148,90.8295852073963
3,3,9.26342072409488,1.33583021223471,0.0998751560549313,0.0249687890137328,89.2759051186017
3,4,7.73466833541927,1.1514392991239,0,0.0250312891113892,91.0888610763454
3,7,17.0151496181295,1.38975835733066,0.0125203455615375,0.0125203455615375,81.5700513334168
3,1,8.71743486973948,1.30260521042084,0.0125250501002004,0.0125250501002004,89.9549098196393
3,6,7.88848606075759,1.33766720840105,0,0.0250031253906738,90.7488436054507
4,4,15.3104656985478,1.21432148222334,0.125187781672509,0.0250375563345018,83.3249874812218
4,1,16.7921686746988,1.43072289156627,0.0251004016064257,0.0125502008032129,81.7394578313253
4,3,13.5618666333041,1.35118228449894,0.0125109470786939,0.0375328412360816,85.0369072938822
4,5,13.2916926920675,1.19925046845721,0.0374765771392879,0.0124921923797626,85.4590880699563
4,2,13.8895828128903,1.14913814639021,0.0124906320259805,0.024981264051961,84.9238071446415
4,7,22.9766975695314,2.51816587321473,0.0125281884239539,0.0751691305437234,74.4174392382861
4,6,13.7434227010774,1.49085442245051,0.100225507391631,0.0250563768479078,84.6404409922325
5,1,60.6703489831785,2.686417273412,0,0.351493848857645,36.2917398945518
5,4,18.4382050639258,0.789671596891451,0.0250689395838556,0.0501378791677112,80.6969165204312
5,3,20.8286393791463,0.938790837401427,0.0125172111653524,0.0375516334960571,78.1825009387908
5,5,18.5110916154907,0.952500313322472,0.0125328988595062,0.0250657977190124,80.4988093746083
5,7,42.9892526868283,1.66208447888028,0,0.0749812546863284,55.2736815796051
5,2,19.5534930390066,0.790166812993854,0.0125423303649818,0.0250846607299636,79.6187131569045
5,6,22.1205664870284,0.839704223586916,0.0125328988595062,0.0375986965785186,76.9895976939466
6,1,24.0740740740741,0.813313313313313,0,0.0750750750750751,75.0375375375375
6,4,10.9234234234234,0.563063063063063,0,0.025025025025025,88.4884884884885
6,3,9.73993498374594,0.525131282820705,0.0500125031257814,0.0250062515628907,89.6599149787447
6,5,9.60840735643688,0.512948830226448,0,0.0375328412360816,89.8411109721006
6,7,16.295647823912,0.850425212606303,0.0125062531265633,0.0375187593796898,82.8039019509755
6,2,9.89024694437516,0.51134946370666,0,0.0124719381391868,89.585931653779
6,6,9.34134735787628,0.500876533934385,0.0125219133483596,0.0250438266967193,90.1202103681443
7,1,23.6522826766729,1.12570356472795,0.0250156347717323,0.0625390869293308,75.1344590368981
7,4,6.73665791776028,0.449943757030371,0.0124984376952881,0,92.8008998875141
7,3,7.8269567391848,0.525131282820705,0.0125031257814454,0.0125031257814454,91.6229057264316
7,5,7.47313171707073,0.549862534366408,0.0124968757810547,0.0374906273431642,91.9270182454386
7,7,10.6125,0.9125,0.025,0.025,88.425
7,2,6.56679151061174,0.474406991260924,0.0124843945068664,0.0124843945068664,92.9338327091136
7,6,6.72584073009126,0.550068758594824,0.0250031253906738,0.0250031253906738,92.6740842605326
8,1,23.4183545886472,1.10027506876719,0.0125031257814454,0.0250062515628907,75.4438609652413
8,4,6.10687022900763,0.212739331748217,0.0125140783381304,0,93.667876360906
8,3,6.17345663584104,0.199950012496876,0,0.0124968757810547,93.614096475881
8,5,6.0375,0.2625,0.025,0.0125,93.6625
8,7,12.3625,0.4375,0,0.0375,87.1625
8,2,5.56110972256936,0.249937515621095,0.0249937515621095,0.0374906273431642,94.1264683829043
8,6,5.81554973168601,0.27455384999376,0,0.0748783227255709,93.8350180955947
9,1,33.553780883454,1.69703019715498,0.274519590716247,0.0623908160718742,64.4122785126029
9,4,5.88602849287678,0.424893776555861,0.0124968757810547,0.0124968757810547,93.6640839790053
9,3,5.47158026233604,0.437226733291693,0.0124921923797626,0,94.0787008119925
9,5,5.97724146554958,0.300112542203326,0.0750281355508316,0.0125046892584719,93.6351131674378
9,7,9.01598401598402,0.961538461538462,0.0124875124875125,0.024975024975025,89.985014985015
9,2,5.21184851893513,0.599925009373828,0.0999875015623047,0.0249968753905762,94.0632420947382
9,6,5.69786330126203,0.474821941771836,0.0249906285143071,0.0124953142571536,93.7898288141947
10,1,42.1394651337166,1.02474381404649,0.0374906273431642,0.0374906273431642,56.7608097975506
10,5,3.13671582104474,0.562359410147463,0.0499875031242189,0,96.2509372656836
10,4,3.37415646088478,0.137465633591602,0,0,96.4883779055236
10,3,3.27336331834083,0.212393803098451,0.999500249875062,0.0124937531234383,95.5022488755622
10,7,4.51991509551754,0.149831439630416,0.0124859533025346,0.0249719066050693,95.2927956049444
10,2,3.17539692461558,0.125015626953369,0.150018752344043,0,96.549568696087
10,6,3.37542192774097,0.275034379297412,0.0500062507813477,0,96.2995374421803
11,5,2.9,0.0875,0.025,0.0125,96.975
11,1,22.7829128153885,0.549587809143143,0.0124906320259805,0.0124906320259805,76.6425181114164
11,4,3.12421894526368,0.337415646088478,0.0249937515621095,0.0124968757810547,96.5008747813047
11,3,3.16052467207995,0.66208619612742,0.0124921923797626,0.0249843847595253,96.1399125546533
11,7,4.90061257657207,0.837604700587573,0.16252031503938,0.0250031253906738,94.0742592824103
11,2,3.32126357847422,0.499438132101386,0.0249719066050693,0.0124859533025346,96.1418404295168
11,6,3.00949050949051,0.337162837162837,0.0124875124875125,0,96.6408591408591
12,5,5.4875,0.2375,0.0125,0.0125,94.25
12,1,24.1008991008991,0.337162837162837,0.024975024975025,0.024975024975025,75.511988011988
12,4,4.72795497185741,0.275171982489056,0.0125078173858662,0,94.9843652282677
12,3,4.73276723276723,0.2997002997003,0,0.0374625374625375,94.9300699300699
12,7,8.01898576067949,0.374718960779415,0,0.024981264051961,91.5813140144891
12,2,5.01935322761893,0.374578599076039,0.0249719066050693,0.0124859533025346,94.5686103133974
12,6,5.1125,0.1625,0.0125,0,94.7125
13,5,7.33383308345827,0.299850074962519,0.0124937531234383,0.0249875062468766,92.3288355822089
13,1,24.2962592268235,1.11347429000375,0.0125109470786939,0.125109470786939,74.4526460653071
13,4,8.08005003126954,0.312695434646654,0,0.0250156347717323,91.5822388993121
13,3,7.91348918614827,0.500062507813477,0.0125015626953369,0,91.5739467433429
13,7,11.4432216108054,0.550275137568784,0.0125062531265633,0.0125062531265633,87.9814907453727
13,2,8.17625764573711,0.262139558107602,0,0.012482836100362,91.5491199600549
13,6,8.89777555611097,0.437390652336916,0.0124968757810547,0.0249937515621095,90.627343164209
14,1,19.6901549225387,0.399800099950025,0.0124937531234383,0.112443778110945,79.7851074462769
14,5,5.36115971007248,0.349912521869533,0.0124968757810547,0,94.2764308922769
14,4,5.97425321834771,0.274965629296338,0.0124984376952881,0,93.7382827146607
14,3,5.11441790671502,0.212579717394023,0.0250093785169439,0.0250093785169439,94.6229836188571
14,7,7.40694479140645,0.449662752935299,0.0374718960779415,0.0374718960779415,92.0684486635024
14,2,5.0855929026615,0.287392227914532,0.0124953142571536,0.0249906285143071,94.5895289266525
14,6,4.70176316118544,0.187570338877079,0.0250093785169439,0,95.0856571214205
15,1,19.6952666416885,0.174847008867241,0.0124890720619458,0.0124890720619458,80.1049082053203
15,5,2.8842552128855,0.0624297665126732,0.0249719066050693,0.0124859533025346,97.0158571606942
15,3,2.775,0.1,0.0125,0,97.1125
15,4,3.0367408147963,0.137465633591602,0,0,96.8257935516121
15,7,4.13646588352912,0.224943764058985,0.0249937515621095,0.0124968757810547,95.6010997250687
15,2,2.67299525355983,0.0624531601299026,0.0124906320259805,0,97.2520609542843
15,6,3.02009234993136,0.112317484088356,0.0623986022713091,0,96.805191563709
16,1,28.7376454397598,0.450394094832979,0.112598523708245,0.0250218941573877,70.6618291004629
16,5,5.22761380690345,0.425212606303152,0.0375187593796898,0.0125062531265633,94.2971485742871
16,3,5.14292847334915,0.18724254150543,0.012482836100362,0,94.6573461490451
16,4,5.61179852518435,0.287464066991626,0.0124984376952881,0,94.0882389701287
16,6,5.57848655409631,0.212632895559725,0.0250156347717323,0.0250156347717323,94.1588492808005
16,7,7.85123966942149,0.726270974204859,0,0.0125219133483596,91.4099674430253
16,2,6.10868207370394,0.737039350405996,0.0124921923797626,0.0124921923797626,93.1292941911305
17,1,38.7464031027149,0.375328412360816,0.0250218941573877,0.0250218941573877,60.8282246966095
17,5,4.22077922077922,0.0749250749250749,0.0124875124875125,0.0124875124875125,95.6793206793207
17,3,4.24946881639795,0.437445319335083,0.0249968753905762,0.0124984376952881,95.2755905511811
17,4,4.65958775765147,0.212367270455965,0.0249843847595253,0.0124921923797626,95.0905683947533
17,6,3.88555722138931,0.174912543728136,0.0124937531234383,0,95.9270364817591
17,7,5.93527427214794,0.362364113457453,0.0249906285143071,0,93.6773709858803
17,2,3.95,0.0375,0.0125,0.0125,95.9875
18,1,42.8232354778264,0.299812617114304,0.0124921923797626,0.0374765771392879,56.8269831355403
18,3,4.29731417863835,0.0749531542785759,0.0124921923797626,0.0124921923797626,95.6027482823235
18,5,5.26513256628314,0.812906453226613,0.0125062531265633,0.0125062531265633,93.8969484742371
18,4,4.96436163561336,0.450168813304989,0,0.0125046892584719,94.5729648618232
18,6,4.54545454545455,0.34965034965035,0.0124875124875125,0.0124875124875125,95.0799200799201
18,7,6.27578447305913,0.362545318164771,0.0125015626953369,0.0125015626953369,93.3366670833854
18,2,6.01747815230961,0.461922596754057,0.0124843945068664,0,93.5081148564295
19,1,49.9874906179635,0.562922191643733,0,0.0375281461095822,49.4120590442832
19,3,1.1498562679665,0.0624921884764404,0.0124984376952881,0,98.7751531058618
19,5,1.37379792681404,0.062445360309729,0,0,98.5637567128762
19,4,1.44927536231884,0.0499750124937531,0,0,98.5007496251874
19,6,1.12415688233825,0.0624531601299026,0.024981264051961,0.0124906320259805,98.7759180614539
19,7,1.85023127890986,0.237529691211401,0.0125015626953369,0,97.8997374671834
19,2,1.23719070232442,0.162459385153712,0,0,98.6003499125219
20,1,36.5747097740607,0.362002246910498,0.037448508301086,0.037448508301086,62.9883909624267
20,3,5.01124718820295,0.512371907023244,0,0.0249937515621095,94.4513871532117
20,5,4.87317256028989,0.212420342371611,0.0249906285143071,0.0124953142571536,94.876921154567
20,4,4.96498249124562,0.212606303151576,0.0250125062531266,0.0125062531265633,94.7848924462231
20,6,5.2,0.3875,0,0.0125,94.4
20,7,6.175,0.275,0.05,0,93.5
20,2,4.04645934807044,0.0874235044336206,0.0374672161858374,0,95.8286499313101
21,1,43.8477907122293,0.312930279133809,0.287895856803104,0.0125172111653524,55.5388659406684
21,3,2.58523791682278,0.062445360309729,0.0249781441238916,0,97.3273385787436
21,5,2.7989503936024,0.112457828314382,0.0249906285143071,0,97.0636011495689
21,4,3.01099450274863,0.28735632183908,0.0374812593703148,0,96.664167916042
21,6,2.875,0.425,0.075,0,96.625
21,7,4.37117522168103,0.38716123392032,0.0124890720619458,0.0124890720619458,95.2166854002748
21,2,2.4490815944021,0.0624765712857678,0.0124953142571536,0.0124953142571536,97.4634512057978
22,1,40.735183795949,0.312578144536134,0.0250062515628907,0.0375093773443361,58.8897224306077
22,5,1.24890720619458,0.14986886474335,0.0124890720619458,0,98.5887348570001
22,3,1.11166625031227,0.0999250562078441,0.0124906320259805,0,98.7759180614539
22,4,1.27452205422966,0.0499812570286143,0.0249906285143071,0.0124953142571536,98.6380107459703
22,6,1.18690654672664,0.0249875062468766,0.0124937531234383,0.0124937531234383,98.7631184407796
22,7,1.92379762648345,0.0874453466583385,0.0249843847595253,0.0124921923797626,97.9512804497189
22,2,1.22408193854609,0.0749437921558831,0,0.0124906320259805,98.688483637272
23,1,36.1896422316738,0.400300225168877,0,0.0250187640730548,63.3850387790843
23,5,3.96597022394595,0.0625547353934693,0,0.0125109470786939,95.9589640935819
23,3,4.08596776208922,0.462326627514682,0,0,95.4517056103961
23,4,4.46473236618309,0.325162581290645,0,0,95.2101050525263
23,2,3.79857553417468,0.17493439960015,0.0124953142571536,0,96.013994751968
23,6,4.34782608695652,0.199900049975012,0,0.0249875062468766,95.4272863568216
23,7,6.14518147684606,0.500625782227785,0,0.0125156445556946,93.3416770963705
24,1,30.0649512865351,0.212340744441669,0.0124906320259805,0,69.7102173369972
24,5,5.05807418508805,0.0749344323716748,0.0249781441238916,0.0124890720619458,94.8295241663544
24,3,4.65958775765147,0.249843847595253,0,0.0124921923797626,95.0780762023735
24,4,5.15863102672995,0.124906320259805,0.024981264051961,0.0124906320259805,94.6789907569323
24,2,4.32554069258657,0.0875109388673584,0.0250031253906738,0,95.5619452431554
24,6,4.74940632420947,0.224971878515186,0.0249968753905762,0.0124984376952881,94.9881264841895
24,7,5.88897224306077,0.150037509377344,0.0125031257814454,0,93.9484871217804
25,1,21.2045482943896,0.212420342371611,0.0374859427714607,0.0124953142571536,78.5330501062102
25,5,3.87403149212697,0.124968757810547,0,0.0124968757810547,95.9885028742814
25,3,3.17262053459905,0.137396952285786,0.0124906320259805,0.0124906320259805,96.6650012490632
25,4,3.95049381172647,0.16252031503938,0.0125015626953369,0,95.8744843105388
25,7,5.16702114350056,0.287751782809959,0.0125109470786939,0.0250218941573877,94.5076942324534
25,2,3.29752685485886,0.0999250562078441,0.0124906320259805,0,96.5900574569073
25,6,3.29752685485886,0.0874344241818636,0.0124906320259805,0.0124906320259805,96.5900574569073
26,1,14.7551224387806,0.249875062468766,0.0124937531234383,0.0124937531234383,84.9700149925037
26,5,4.23326673326673,0.174825174825175,0.0124875124875125,0,95.5794205794206
26,3,4.23168143802272,0.149794033204344,0.012482836100362,0,95.6060416926726
26,4,3.88507183010618,0.124921923797626,0.0124921923797626,0.0124921923797626,95.9650218613367
26,7,5.75575575575576,0.312812812812813,0.0125125125125125,0.025025025025025,93.8938938938939
26,2,3.63522798251093,0.149906308557152,0.0124921923797626,0,96.2023735165522
26,6,4.11558669001751,0.137603202401801,0.0125093820365274,0,95.7343007255442
27,1,23.7025948103792,0.985528942115768,0.0124750499001996,0.124750499001996,75.1746506986028
27,5,6.16481180442666,0.312617231461798,0.0125046892584719,0.0500187570338877,93.4600475178192
27,3,5.23219426711729,0.21279258981099,0.100137689322819,0,94.4548754537489
27,4,5.21575984990619,0.250156347717323,0.0125078173858662,0,94.5215759849906
27,7,8.80479580367179,0.47458473835394,0.0249781441238916,0.0124890720619458,90.6831522417884
27,2,4.8862784303924,0.299925018745314,0.0249937515621095,0.0124968757810547,94.7763059235191
27,6,5.82791395697849,0.312656328164082,0.0125062531265633,0.0250125062531266,93.8219109554777
28,1,21.1629648115797,0.224606937858747,0.0499126528574994,0.0374344896431245,78.5250811080609
28,5,4.12757973733583,0.150093808630394,0.0250156347717323,0.0125078173858662,95.6848030018762
28,3,3.05076269067267,0.0750187546886722,0.0125031257814454,0.0125031257814454,96.8492123030758
28,7,5.38172715894869,0.275344180225282,0.0125156445556946,0.0125156445556946,94.3178973717146
28,4,3.66021236727046,0.149906308557152,0.0249843847595253,0,96.1648969394129
28,2,3.70832813085279,0.112373579722812,0.0124859533025346,0,96.1668123361219
28,6,3.3,0.0875,0.025,0,96.5875
29,1,29.3338332708411,0.224971878515186,0.0124984376952881,0.0124984376952881,70.4161979752531
29,5,5.55694305694306,0.124875124875125,0,0,94.3181818181818
29,3,4.93503248375812,0.249875062468766,0.0124937531234383,0.0124937531234383,94.7901049475262
29,7,7.56722951844903,0.362726704190119,0.0125078173858662,0,92.057535959975
29,4,5.22826766729206,0.187617260787992,0,0.0125078173858662,94.5716072545341
29,2,5.31768817875421,0.12482836100362,0,0.012482836100362,94.5450006241418
29,6,6.79320679320679,0.187312687312687,0.024975024975025,0.0124875124875125,92.982017982018
30,1,42.0282605977241,0.525196948855821,0.0125046892584719,0.0250093785169439,57.4090283856446
30,5,5.825,0.0875,0.0125,0.0125,94.0625
30,3,4.28589279020367,0.0624765712857678,0.0249906285143071,0,95.6266400099963
30,7,6.74662668665667,0.162418790604698,0.0124937531234383,0.0374812593703148,93.0409795102449
30,4,5.23292119395529,0.0749344323716748,0.0124890720619458,0.0249781441238916,94.6546771574872
30,2,4.28321678321678,0.124875124875125,0.0124875124875125,0.0124875124875125,95.5669330669331
30,6,4.46529080675422,0.137585991244528,0.0250156347717323,0.0125078173858662,95.3595997498437
31,1,35.0756533700138,0.175065649618607,0.0125046892584719,0.0125046892584719,64.7242716018507
31,5,2.97462817147857,0.0749906261717285,0.0499937507811524,0,96.9003874515685
31,3,3.2967032967033,0.0874125874125874,0.0124875124875125,0.0124875124875125,96.5909090909091
31,7,4.78630342414396,0.162459385153712,0.0249937515621095,0,95.0262434391402
31,4,3.4375,0.075,0.0125,0,96.475
31,2,3.67408147963009,0.374906273431642,0.0124968757810547,0,95.9385153711572
31,6,3.68197703444833,0.124812780828757,0.0249625561657514,0.0124812780828757,96.1557663504743
32,1,46.1989764074398,0.274622394207964,0.024965672200724,0.049931344401448,53.4515041817501
32,3,3.90488110137672,0.0625782227784731,0.0125156445556946,0,96.0200250312891
32,5,5.66933066933067,0.262237762237762,0.0124875124875125,0.0124875124875125,94.0434565434565
32,2,3.91396773790171,0.0625234462923596,0.0125046892584719,0.0125046892584719,95.998499437289
32,7,6.47742903588846,0.475178191821933,0.0125046892584719,0.0125046892584719,93.0223833937727
32,4,4.69823816068974,0.087467199800075,0.0249906285143071,0,95.1893040109959
32,6,4.78690163729534,0.0624921884764404,0.0124984376952881,0,95.1381077365329
33,1,47.0691163604549,0.26246719160105,0,0.0874890638670166,52.580927384077
33,3,1.3489882588059,0.0749437921558831,0,0,98.5760679490382
33,5,1.26171143035603,0.0499687695190506,0,0,98.6883198001249
33,2,0.836663336663337,0.0624375624375624,0,0,99.1008991008991
33,7,1.27404446665001,0.0874344241818636,0.0124906320259805,0,98.6260304771421
33,4,1.34949393977259,0.0374859427714607,0,0,98.613020117456
33,6,1.14956891165813,0.0374859427714607,0.0374859427714607,0.0124953142571536,98.7629638885418
34,1,33.8623016368862,0.237410970885918,0.0124953142571536,0.0249906285143071,65.8628014494565
34,3,3.13710786151731,0.112485939257593,0.0249968753905762,0,96.7254093238345
34,5,3.54822588705647,0.0749625187406297,0.0124937531234383,0,96.3643178410795
34,2,2.90777486584301,0.0748783227255709,0.0249594409085236,0,96.9923873705229
34,4,3.70092523130783,0.0750187546886722,0.0125031257814454,0.0125031257814454,96.1990497624406
34,7,4.63865966491623,0.112528132033008,0,0,95.2488122030508
34,6,3.23426573426573,0.0749250749250749,0,0.0124875124875125,96.6783216783217
35,1,35.0818034220057,0.312226801548645,0.0124890720619458,0.0249781441238916,64.5685025602598
35,3,2.79860069965018,0.112443778110945,0.0249875062468766,0,97.063968015992
35,5,3.75827194406293,0.112373579722812,0.0249719066050693,0.0124859533025346,96.0918966163067
35,2,2.62434391402149,0.0374906273431642,0.0124968757810547,0.0124968757810547,97.3131717070732
35,4,3.48619267774585,0.124953142571536,0.0249906285143071,0,96.3638635511683
35,7,4.23644088977756,0.224943764058985,0.0124968757810547,0.0249937515621095,95.5011247188203
35,6,4.52386903274181,0.137465633591602,0.0124968757810547,0,95.3261684578855
36,1,21.8461154134399,0.112415688233825,0.0124906320259805,0.0374718960779415,77.9915063702223
36,3,3.18352059925094,0.112359550561798,0,0.0124843945068664,96.6916354556804
36,5,3.66066966516742,0.124937531234383,0.0124937531234383,0.0124937531234383,96.1894052973513
36,2,3.51206099237595,0.124984376952881,0.0249968753905762,0,96.3379577552806
36,4,3.83845961490373,0.0500125031257814,0.0125031257814454,0,96.0990247561891
36,7,5.525,0.2,0.025,0.025,94.225
36,6,3.68842210552638,0.100025006251563,0.0125031257814454,0,96.1990497624406
37,1,15.5488947171225,0.224803297115024,0.0124890720619458,0.0124890720619458,84.2013238416386
37,3,4.02349119080345,0.17493439960015,0.0124953142571536,0.0249906285143071,95.7640884668249
37,5,4.26143464133967,0.224943764058985,0.0124968757810547,0.0124968757810547,95.4886278430392
37,4,4.9,0.225,0.025,0.0125,94.8375
37,2,4.07092907092907,0.237262737262737,0.0124875124875125,0,95.6793206793207
37,7,6.43267549337997,0.287284536597552,0.024981264051961,0,93.2550587059705
37,6,4.32067932067932,0.24975024975025,0.0124875124875125,0.0124875124875125,95.4045954045954
38,1,20.9473815773028,0.824896887889014,0.0249968753905762,0.0624921884764404,78.1402324709411
38,5,4.20736288504884,0.187828700225394,0,0.0125219133483596,95.5922865013774
38,3,3.43535290443473,0.212367270455965,0,0.0249843847595253,96.3272954403498
38,4,3.73843460865216,0.137534383595899,0,0.0250062515628907,96.0990247561891
38,2,3.47152847152847,0.187312687312687,0.0124875124875125,0,96.3286713286713
38,7,6.12959719789842,0.350262697022767,0.0250187640730548,0.0250187640730548,93.4701025769327
38,6,4.81069598900412,0.212420342371611,0.0249906285143071,0.0124953142571536,94.9269024115956
39,1,20.4028021015762,0.200150112584438,0,0.0125093820365274,79.3845384038028
39,5,3.39830084957521,0.0374812593703148,0.0249875062468766,0,96.5392303848076
39,3,3.44008006004503,0.0875656742556918,0.0375281461095822,0,96.4348261195897
39,4,4.3614096475881,0.124968757810547,0.0124968757810547,0,95.5011247188203
39,2,2.95732468180684,0.124781632143748,0.0124781632143748,0.0249563264287497,96.8804591964063
39,7,6.15865084322299,0.149906308557152,0,0.0249843847595253,93.6664584634603
39,6,3.2125,0.075,0.0125,0,96.7
40,1,28.275,0.3125,0.025,0.0125,71.375
40,5,6.47095565271705,0.149906308557152,0.0124921923797626,0.0124921923797626,93.3541536539663
40,3,5.05870597052211,0.112415688233825,0.0124906320259805,0,94.8163877092181
40,4,5.27434070741157,0.112485939257593,0.0249968753905762,0,94.5881764779403
40,2,5.18685164354456,0.237470316210474,0.0124984376952881,0,94.5631796025497
40,7,7.89802549362659,0.274931267183204,0.0624843789052737,0.0124968757810547,91.7520619845039
40,6,5.88088400549382,0.174803346235485,0.0124859533025346,0,93.9318266949682
41,1,35.509693558474,0.212632895559725,0.0250156347717323,0.0125078173858662,64.2401500938086
41,5,5.06060227414719,0.124953142571536,0.0124953142571536,0,94.8019492690241
41,3,4.38804850606326,0.112514064258032,0.0125015626953369,0.0125015626953369,95.474434304288
41,4,5.61039610146195,0.124953142571536,0.0124953142571536,0,94.2521554417094
41,2,4.14585414585415,0.124875124875125,0,0,95.7292707292707
41,7,5.87646911727932,0.112528132033008,0.0125031257814454,0,93.9984996249062
41,6,5.16918466724934,0.0998876264202772,0.0374578599076039,0,94.6934698464228
42,1,47.6017986510117,0.374718960779415,0.0124906320259805,0.0499625281039221,51.9610292280789
42,5,1.72263138184996,0.074897016602172,0,0,98.2024716015479
42,3,1.2743628185907,0.0374812593703148,0,0.0124937531234383,98.6756621689155
42,4,1.45018127265908,0.0125015626953369,0,0,98.5373171646456
42,2,0.911930043722673,0.0624609618988132,0.0124921923797626,0,99.0131168019987
42,7,1.24953142571536,0.0624765712857678,0.0249906285143071,0,98.6630013744846
42,6,1.37414116177389,0.0499687695190506,0.0249843847595253,0.0124921923797626,98.5384134915678
43,1,35.7802746566792,0.374531835205993,0.0249687890137328,0.0249687890137328,63.7952559300874
43,5,5.6617922759655,0.26246719160105,0.0124984376952881,0,94.0632420947382
43,3,5.12179887570269,0.137414116177389,0.0249843847595253,0,94.7158026233604
43,4,8.05746408494691,0.762023735165522,0.0124921923797626,0.0124921923797626,91.1555277951281
43,2,4.74703310430981,0.112429731417864,0.0249843847595253,0,95.1155527795128
43,7,7.08572856785804,0.212446888277931,0,0.0249937515621095,92.6768307923019
43,6,8.2532151329754,0.824072917967287,0,0,90.9227119490573
44,1,50.5194642633621,0.275378645637752,0.112654900488171,0.0250344223307047,49.0674677681813
44,5,0.199675527268189,0.0998377636340946,0.0249594409085236,0,99.6755272681892
44,3,0.0624609618988132,0.0874453466583385,0.0124921923797626,0,99.8376014990631
44,4,0.0999500249875062,0.0499750124937531,0.0124937531234383,0,99.8375812093953
44,2,0.137414116177389,0.0374765771392879,0,0,99.8251093066833
44,7,0.23744063984004,0.0624843789052737,0,0,99.7000749812547
44,6,0.187406296851574,0.0499750124937531,0.0124937531234383,0,99.7501249375312
45,1,38.3866133866134,0.749250749250749,0.024975024975025,0.024975024975025,60.8141858141858
45,5,7.50593230922942,0.337204945672537,0,0.0249781441238916,92.1318846009741
45,3,5.81322665333167,0.150018752344043,0,0,94.0367545943243
45,4,5.27302261651881,0.0374859427714607,0,0.0124953142571536,94.6769961264526
45,2,5.41958041958042,0.44955044955045,0,0.0124875124875125,94.1183816183816
45,7,7.25,0.2125,0,0.0125,92.525
45,6,6.02996254681648,0.224719101123595,0.0124843945068664,0.0124843945068664,93.7203495630462
46,1,46.7475606705029,0.28771578684013,0.0250187640730548,0.0250187640730548,52.9146860145109
46,5,0.124875124875125,0.04995004995005,0.0124875124875125,0.0124875124875125,99.8001998001998
46,3,0.162297128589263,0.0374531835205993,0.0249687890137328,0,99.7752808988764
46,4,0.149925037481259,0.0374812593703148,0.0249875062468766,0,99.7876061969015
46,2,0.199825152991133,0.0749344323716748,0.0874235044336206,0,99.6378169102036
46,7,0.224887556221889,0.0499750124937531,0.0249875062468766,0,99.7001499250375
46,6,0.262237762237762,0.04995004995005,0.024975024975025,0,99.6628371628372
47,1,46.5792759051186,0.461922596754057,0,0.0749063670411985,52.8838951310861
47,5,4.62095666291995,0.199825152991133,0,0,95.1792181840889
47,3,3.75968023982013,0.0749437921558831,0,0.0124906320259805,96.152885335998
47,4,5.03561164563289,0.087467199800075,0,0.0124953142571536,94.8644258403099
47,2,4.39835061851806,0.0999625140572285,0.0124953142571536,0,95.4891915531676
47,7,6.09695152423788,0.149925037481259,0,0,93.7531234382809
47,6,4.45971267957527,0.149906308557152,0,0,95.3903810118676
48,1,36.3409147713072,0.274931267183204,0.0124968757810547,0.0499875031242189,63.3216695826044
48,5,5.4459155633275,0.24981264051961,0.024981264051961,0.0124906320259805,94.2667999000749
48,3,3.71942086869695,0.112331502745881,0.0249625561657514,0,96.1432850723914
48,4,3.9095678241319,0.0999250562078441,0.024981264051961,0,95.9655258556083
48,2,4.07194604046965,0.0749437921558831,0.024981264051961,0.0124906320259805,95.8156382712965
48,7,5.48612846788303,0.162459385153712,0.0249937515621095,0,94.3264183954011
48,6,3.55044380547568,0.0500062507813477,0.0625078134766846,0,96.3370421302663
49,1,30.55972013993,0.174912543728136,0.962018990504748,0.0249875062468766,68.2783608195902
49,5,1.97327338578744,0.062445360309729,0.0124890720619458,0.0124890720619458,97.9393031097789
49,3,1.59940022491566,0.0374859427714607,0.0124953142571536,0,98.3506185180557
49,4,2.03775471933992,0.0375046880860107,0.0125015626953369,0.0125015626953369,97.8997374671834
49,2,1.66104658423879,0.0499562882477832,0.0249781441238916,0,98.2640189833895
49,7,2.92390353617393,0.124953142571536,0.0124953142571536,0,96.9386480069974
49,6,1.67353565630074,0.0999125764955664,0.0124890720619458,0,98.2140626951417
50,1,29.6601699150425,0.312343828085957,0.0249875062468766,0.0374812593703148,69.9650174912544
50,5,5.04180706352178,0.13727692499688,0.0249594409085236,0,94.7959565705728
50,3,3.85096274068517,0.100025006251563,0.0125031257814454,0.0125031257814454,96.0240060015004
50,4,4.0109958765463,0.0749718855429214,0.0124953142571536,0,95.9015369236536
50,2,3.56205474315711,0.0749906261717285,0.0124984376952881,0,96.3504561929759
50,7,5.43817977247156,0.200025003125391,0.0250031253906738,0.0250031253906738,94.3117889736217
50,6,3.48880830311367,0.175065649618607,0,0,96.3361260472677
51,1,23.0721159855018,0.362454693163355,0.0124984376952881,0,76.5529308836395
51,5,3.28011973060614,0.311798453479671,0.0124719381391868,0,96.395609877775
51,3,3.23669082729318,0.23744063984004,0.0249937515621095,0,96.5008747813047
51,4,3.82261086820737,0.249843847595253,0.0249843847595253,0,95.9025608994378
51,2,3.61430715357679,0.275137568784392,0.0250125062531266,0,96.0855427713857
51,7,5.82354411397151,0.412396900774806,0.0124968757810547,0.0124968757810547,93.7390652336916
51,6,3.90712769941331,0.24965672200724,0.024965672200724,0.012482836100362,95.8057670702784
52,1,20.4878048780488,0.762976860537836,0.0625390869293308,0.075046904315197,78.6116322701689
52,5,3.89951256092988,0.437445319335083,0.0249968753905762,0.0124984376952881,95.6255468066492
52,3,3.66629255518144,0.149644594089039,0,0,96.1840628507295
52,4,3.42243317511866,0.174868848363727,0,0.0124906320259805,96.3902073444916
52,2,3.1984007996002,0.0999500249875062,0.0124937531234383,0.0124937531234383,96.6766616691654
52,7,4.66366591647912,0.16254063515879,0.0250062515628907,0.0125031257814454,95.1362840710178
52,6,3.61295161895237,0.200025003125391,0,0.0125015626953369,96.1745218152269
53,1,19.814976872109,0.137517189648706,0,0.0125015626953369,80.0350043755469
53,5,3.96855110445526,0.0748783227255709,0,0,95.9565705728192
53,3,3.3,0.05,0,0,96.65
53,4,3.63431997002623,0.0749344323716748,0.0124890720619458,0.0124890720619458,96.2657674534782
53,2,3.23628639260277,0.0499812570286143,0,0.0124953142571536,96.7012370361115
53,7,6.08934364861492,0.199650611429998,0,0.0124781632143748,93.6985275767407
53,6,3.60889110889111,0.0749250749250749,0.0124875124875125,0,96.3036963036963
54,1,27.8235882058971,0.28735632183908,0.0124937531234383,0.0249875062468766,71.8515742128936
54,5,5.874282863557,0.137191319531055,0.0124719381391868,0.0249438762783737,93.9511100024944
54,3,4.28696412948381,0.112485939257593,0.0124984376952881,0.0124984376952881,95.575553055868
54,4,4.7136784196049,0.200050012503126,0.0125031257814454,0.0125031257814454,95.0612653163291
54,2,4.35814185814186,0.0749250749250749,0.0124875124875125,0,95.5544455544456
54,7,6.59505370971771,0.199850112415688,0.024981264051961,0.0124906320259805,93.1676242817887
54,6,4.50911816137897,0.124906320259805,0.0124906320259805,0,95.3534848863353
55,1,41.4978744686172,0.412603150787697,0.0125031257814454,0.0500125031257814,58.0270067516879
55,5,5.20989505247376,0.087456271864068,0.0124937531234383,0.0124937531234383,94.6776611694153
55,3,4.25106276569142,0.0500125031257814,0.0125031257814454,0.0125031257814454,95.6739184796199
55,4,4.61423033637614,0.0875328248093035,0.0125046892584719,0,95.2857321495561
55,2,4.70896827379465,0.124906320259805,0.0124906320259805,0.0124906320259805,95.1411441418936
55,7,7.58939734933733,0.337584396099025,0,0.0375093773443361,92.0355088772193
55,6,4.72922385824807,0.149737958572498,0.0124781632143748,0.0124781632143748,95.0960818567507
56,1,35.9794974371796,0.175021877734717,0.0125015626953369,0,63.8329791223903
56,5,4.02349119080345,0.649756341371985,0.0249906285143071,0,95.3017618393103
56,3,2.72329793878826,0.124921923797626,0.0249843847595253,0,97.1267957526546
56,4,2.82147315855181,0.0873907615480649,0.0249687890137328,0,97.0661672908864
56,2,2.89891290765963,0.0499812570286143,0.0124953142571536,0,97.0386105210546
56,7,4.3005375671959,0.100012501562695,0.0125015626953369,0.0125015626953369,95.5744468058507
56,6,3.54955630546182,0.162479690038745,0.0749906261717285,0.0124984376952881,96.2004749406324
57,1,40.2023229674035,0.23729236917697,0.0249781441238916,0.0499562882477832,59.4854502310478
57,5,1.225,0.05,0.025,0,98.7
57,3,0.999500249875062,0.0749625187406297,0.0124937531234383,0,98.9130434782609
57,7,1.80022502812852,0.125015626953369,0.0125015626953369,0.0125015626953369,98.0497562195274
57,2,0.6997375984006,0.0749718855429214,0.0249906285143071,0,99.2002998875422
57,4,1.37414116177389,0.0624609618988132,0.0124921923797626,0,98.5509056839475
57,6,1.29935032483758,0.0624687656171914,0.0249875062468766,0,98.6131934032984
58,1,48.65,0.4625,0.0375,0.0625,50.7875
58,5,4.21972534332085,0.0499375780274657,0,0.0124843945068664,95.7178526841448
58,3,3.88410141126514,0.0499562882477832,0,0.0124890720619458,96.0534532284251
58,7,5.4840724547158,0.0874453466583385,0.0249843847595253,0.0249843847595253,94.3785134291068
58,2,4.23432425680739,0.199850112415688,0,0,95.5658256307769
58,4,4.20934299275543,0.162378216337747,0,0,95.6282787909068
58,6,3.79762648344785,0.0749531542785759,0.0249843847595253,0.0124921923797626,96.0899437851343
59,1,40.4122423485322,0.287320424734541,0.0249843847595253,0.0249843847595253,59.2504684572142
59,5,3.65747097740607,0.112345524903258,0.024965672200724,0.012482836100362,96.1927349893896
59,3,3.0875,0.1,0.025,0,96.7875
59,7,5.63397876327295,0.124921923797626,0,0.0124921923797626,94.2286071205497
59,2,3.15973523167229,0.112401648557512,0.0124890720619458,0.0124890720619458,96.7028849756463
59,4,3.81107084843184,0.087467199800075,0.0124953142571536,0,96.0889666375109
59,6,3.25964780816785,0.0999125764955664,0,0.0124890720619458,96.6279505432746
60,1,29.9875,0.225,0.0125,0.0375,69.7375
60,5,4.04949381327334,0.137482814648169,0,0,95.8130233720785
60,3,4.33804225528191,0.100012501562695,0,0.0125015626953369,95.5494436804601
60,7,5.79927509061367,0.112485939257593,0,0.0124984376952881,94.0757405324334
60,2,3.94556124360095,0.337120739168435,0.0249719066050693,0,95.6923461106256
60,4,3.93799224903113,0.0750093761720215,0,0.0125015626953369,95.9744968121015
60,6,4.00849150849151,0.124875124875125,0.0124875124875125,0,95.8541458541459
61,1,18.95,0.1375,0.0125,0,80.9
61,5,3.35083770942736,0.0875218804701175,0.0125031257814454,0,96.5491372843211
61,3,3.270911360799,0.0873907615480649,0.0124843945068664,0.0124843945068664,96.6167290886392
61,7,4.48918344379142,0.100037514067775,0.0250093785169439,0.0250093785169439,95.3607602851069
61,2,2.82182544637283,0.0998876264202772,0.0124859533025346,0,97.0658009739044
61,4,3.32209316847758,0.0999125764955664,0.0124890720619458,0.0124890720619458,96.553016110903
61,6,3.03636136448832,0.0749718855429214,0.0249906285143071,0,96.8636761214545
62,1,17.0832291927018,0.287428142964259,0.0249937515621095,0.0124968757810547,82.5918520369908
62,5,5.01998001998002,0.0624375624375624,0.0124875124875125,0.0124875124875125,94.8926073926074
62,3,4.05945540844367,0.0874344241818636,0.0124906320259805,0.0124906320259805,95.8281289033225
62,7,5.49862534366408,0.112471882029493,0.0374906273431642,0.0249937515621095,94.3264183954011
62,2,3.49737696727454,0.0874344241818636,0.0124906320259805,0,96.4026979765176
62,4,4.48693913260842,0.0624921884764404,0.0374953130858643,0,95.4130733658293
62,6,5.44659587757651,0.124921923797626,0,0.0124921923797626,94.4159900062461
63,1,20.6242197253433,0.973782771535581,0,0.124843945068664,78.2771535580524
63,5,4.94876280929768,0.324918770307423,0.0249937515621095,0.0249937515621095,94.6763309172707
63,3,4.39450686641698,0.299625468164794,0.0124843945068664,0.0124843945068664,95.2808988764045
63,7,6.64667666166917,0.674662668665667,0.0249875062468766,0.0124937531234383,92.6411794102949
63,2,3.47326336831584,0.312343828085957,0.0124937531234383,0.0249875062468766,96.1769115442279
63,4,4.58635341164709,0.299925018745314,0.0124968757810547,0,95.1012246938265
63,6,4.16354088522131,0.375093773443361,0.0250062515628907,0.0125031257814454,95.423855963991
64,1,18.7046761690423,0.18754688672168,0.0375093773443361,0.0375093773443361,81.0327581895474
64,5,5.20325203252033,0.125078173858662,0.0125078173858662,0,94.6591619762351
64,3,4.86952178798851,0.112373579722812,0.0249719066050693,0.0124859533025346,94.9806467723811
64,7,6.62582822852857,0.150018752344043,0.0375046880860107,0.0125015626953369,93.174146768346
64,2,4.72322878920405,0.124953142571536,0.0249906285143071,0.0249906285143071,95.1018368111958
64,4,4.56078970386105,0.0624765712857678,0.0124953142571536,0.0124953142571536,95.3517430963389
64,6,4.15207603801901,0.087543771885943,0.0250125062531266,0.0125062531265633,95.7228614307154
65,1,24.6811702925731,0.225056264066017,0.0125031257814454,0.0125031257814454,75.0687671917979
65,5,5.23226773226773,0.124875124875125,0,0.0124875124875125,94.6303696303696
65,3,4.55794205794206,0.112387612387612,0.0124875124875125,0.024975024975025,95.2922077922078
65,7,6.9254852849092,0.225422667501565,0.0125234815278647,0.0125234815278647,92.8240450845335
65,2,5.06993006993007,0.24975024975025,0.0124875124875125,0.0124875124875125,94.6553446553446
65,4,5.47158026233604,0.112429731417864,0.0124921923797626,0.0249843847595253,94.3785134291068
65,6,5.17370657335666,0.149962509372657,0.0124968757810547,0,94.6638340414896
66,1,38.0857178558041,0.312382856428839,0.0124953142571536,0.0374859427714607,61.5519180307385
66,5,5.00749250749251,0.287212787212787,0.0124875124875125,0,94.6928071928072
66,3,4.08545727136432,0.0624687656171914,0,0,95.8520739630185
66,7,6.46933932808792,0.137379792681404,0,0.0249781441238916,93.3683027351068
66,2,3.3112582781457,0.0749718855429214,0.0124953142571536,0,96.6012745220542
66,4,3.9,0.0875,0,0,96.0125
66,6,4.71073347494689,0.187429713857304,0.0374859427714607,0,95.0643508684243
67,1,42.2216668749219,0.437335999000375,0.0124953142571536,0.0249906285143071,57.3035111833063
67,5,1.32285036815175,0.0623986022713091,0.0124797204542618,0,98.6022713091227
67,3,0.899100899100899,0.0624375624375624,0.024975024975025,0.0124875124875125,99.000999000999
67,7,1.77300536895992,0.0624297665126732,0.0124859533025346,0,98.1520789112249
67,4,1.02487189101362,0.0374953130858643,0.0124984376952881,0.0124984376952881,98.9126359205099
67,2,1.09903834145123,0.0374672161858374,0,0.0124890720619458,98.851005370301
67,6,1.48638521109168,0.0624531601299026,0,0.0124906320259805,98.4386709967524
68,1,42.8249718503691,0.537970724383836,0.0125109470786939,0.0250218941573877,56.599524584011
68,5,4.02701350675338,0.087543771885943,0.0125062531265633,0.0125062531265633,95.8604302151076
68,3,3.99650305982265,0.112401648557512,0.0124890720619458,0,95.8786062195579
68,7,5.75071883985498,0.150018752344043,0,0.0250031253906738,94.0742592824103
68,4,4.24893776555861,0.199950012496876,0.0124968757810547,0,95.5386153461635
68,2,3.91005621486571,0.112429731417864,0.0124921923797626,0,95.9650218613367
68,6,4.39615336580492,0.137379792681404,0.0124890720619458,0,95.4539777694517
69,1,33.5833020872391,0.624921884764404,0.0124984376952881,0.0374953130858643,65.7417822772153
69,5,7.2463768115942,0.237381309345327,0.0249875062468766,0,92.4912543728136
69,3,4.72381904523869,0.0624843789052737,0.0499875031242189,0.0124968757810547,95.1512121969508
69,7,6.04848787803049,0.149962509372657,0.0124968757810547,0,93.7890527368158
69,4,4.25983760149906,0.0624609618988132,0.0249843847595253,0,95.6527170518426
69,2,4.13543228385807,0.0749625187406297,0.0249875062468766,0.0124937531234383,95.752123938031
69,6,4.09692730452161,0.0874344241818636,0.0124906320259805,0.0124906320259805,95.7906570072446
70,1,46.2354850792858,0.412036458983643,0.0249719066050693,0.0374578599076039,53.2900486952179
70,5,2.073185962283,0.0874235044336206,0.0124890720619458,0,97.8269014612214
70,3,1.87312687312687,0.0624375624375624,0.024975024975025,0,98.0394605394605
70,7,3.37162837162837,0.112387612387612,0.024975024975025,0,96.491008991009
70,4,2.42378810594703,0.0624687656171914,0.0124937531234383,0,97.5012493753123
