moment,node,user,system,iowait,softirq,idle
1,2,0.0999250562078441,0.0374718960779415,0,0.0124906320259805,99.8501124156882
1,3,0.174803346235485,0.0374578599076039,0,0,99.7877387938569
1,4,0.0874344241818636,0.024981264051961,0,0,99.8875843117662
1,5,0.0998751560549313,0.0374531835205993,0.0124843945068664,0,99.8501872659176
1,6,0.124875124875125,0.04995004995005,0.0124875124875125,0,99.8126873126873
1,7,0.137396952285786,0.0374718960779415,0.0374718960779415,0,99.7876592555583
1,1,0.137362637362637,0.024975024975025,0,0,99.8376623376623
2,2,0.124906320259805,0.0374718960779415,0.0374718960779415,0,99.8001498875843
2,3,0.112401648557512,0.0874235044336206,0.0124890720619458,0.0124890720619458,99.775196702885
2,4,0.0749437921558831,0,0,0,99.9250562078441
2,5,2.99737729486699,0.736855251654802,0,0.0374672161858374,96.2283002372924
2,6,0.375046880860108,0.300037504688086,0,0.0875109388673584,99.2374046755844
2,7,0.0998751560549313,0.0624219725343321,0,0,99.8377028714107
2,1,0.224887556221889,0.337331334332834,0.124937531234383,0.0374812593703148,99.2753623188406
3,2,4.85242621310655,0.862931465732866,0.11255627813907,0.0250125062531266,94.1470735367684
3,3,4.62731365682841,0.925462731365683,0,0.0500250125062531,94.3971985992997
3,4,4.67441569803775,0.924884389451319,0,0.0249968753905762,94.3757030371204
3,5,12.5579065982221,0.763741079253787,0.0125203455615375,0.0125203455615375,86.653311631401
3,6,4.82620655163791,1.00025006251563,0.125031257814454,0.0500125031257814,93.9984996249062
3,7,4.37335999000375,0.949643883543671,0,0.0124953142571536,94.6645008121954
3,1,4.57557194649331,1.02512814101763,0.0125015626953369,0.0125015626953369,94.3742967870984
4,2,10.527631907977,1.12528132033008,0.0250062515628907,0.0250062515628907,88.2970742685671
4,4,10.1639754662661,0.951308048566779,0.350481912629866,0.0250344223307047,88.5092001502065
4,3,15.9142212189616,1.35440180586907,0.0250815149235014,0.0250815149235014,82.6812139453223
4,6,10.4380475594493,1.00125156445557,0.0250312891113892,0.0250312891113892,88.5106382978723
4,5,14.7536884221055,1.22530632658165,0.0250062515628907,0.0250062515628907,83.970992748187
4,7,11.1013657436411,1.20285678486405,0.137827339932339,0.0250595163513344,87.5328906152111
4,1,10.6013251656457,0.987623452931616,0.0125015626953369,0,88.3985498187273
5,2,29.9447097260618,1.26916310630812,0,0.0502638853983413,68.7358632822317
5,3,51.6323455549975,2.62430939226519,0.0125565042692115,0.200904068307383,45.5298844801607
5,4,22.2933132605696,1.5054572826496,0.188182160331201,0.0250909547108267,75.9879563417388
5,6,29.8720842738901,1.40456483571608,0.0125407574617507,0.0376222723852521,68.6731878605468
5,5,41.8350696623572,1.93297351575248,0.0251035521526296,0.0376553282289444,56.1691979415087
5,7,28.3366783743101,1.53035624686402,0.0250878073256397,0.0250878073256397,70.0827897641746
5,1,23.0248306997743,1.32932029094557,0.0125407574617507,0.0125407574617507,75.6207674943567
6,2,13.7473394265682,0.626017278076875,0.0125203455615375,0.0375610366846125,85.5765619131088
6,3,34.9912302681032,1.34051616136307,0,0.100225507391631,63.5680280631421
6,4,13.9389389389389,0.513013013013013,0.0125125125125125,0.0625625625625626,85.472972972973
6,6,12.9657414353588,0.537634408602151,0.0125031257814454,0.0250062515628907,86.4591147786947
6,5,19.5761223977928,0.714823175319789,0,0.0376222723852521,79.6714321545021
6,7,14.0838023764853,0.575359599749844,0,0.0250156347717323,85.3158223889931
6,1,13.6255479023168,0.563556668753914,0,0.050093926111459,85.7608015028178
7,2,6.31868131868132,0.44955044955045,0.0124875124875125,0.04995004995005,93.1693306693307
7,3,39.0841986738396,1.12598523708245,0.0250218941573877,0.100087576629551,59.664706618291
7,4,6.05908863294942,0.513269904857286,0.0250375563345018,0.0125187781672509,93.3900851276915
7,6,6.22188905547226,0.499750124937531,0,0,93.2783608195902
7,5,9.89120920345129,0.837814180317619,0.0250093785169439,0.0500187570338877,89.1959484806803
7,7,6.27583615182262,0.538644619817111,0,0.0250532381310284,93.1604659902292
7,1,6.2648790878336,0.426011777972685,0.0125297581756672,0.0125297581756672,93.2840496178424
8,2,8.37611118066859,0.575935895830725,0.0125203455615375,0.0125203455615375,91.0229122323776
8,3,25.4593175853018,1.8872640919885,0.0249968753905762,0.174978127734033,72.453443319585
8,4,7.57081975432439,0.538982201052896,0,0.0250689395838556,91.8651291050389
8,6,8.79079654870577,0.537701638114293,0.0125046892584719,0.0250093785169439,90.6339877454045
8,5,12.1246246246246,0.688188188188188,0.025025025025025,0.0500500500500501,87.1121121121121
8,7,10.4223944013997,0.587353161709573,0.0249937515621095,0,88.9652586853287
8,1,7.925,0.5125,0.0125,0.025,91.525
9,3,28.4644194756554,1.27340823970037,0.237203495630462,0.0873907615480649,69.9375780274657
9,2,5.21652314988144,0.299513290902284,0.0124797204542618,0.0499188818170473,94.421564956945
9,4,4.92049580568424,0.325528984599975,0.025040691123075,0,94.7289345185927
9,6,5.11697735518579,0.237707994495183,0,0.0125109470786939,94.6328037032403
9,5,7.59699624530663,0.400500625782228,0.262828535669587,0.0500625782227785,91.6896120150188
9,7,4.86493246623312,0.412706353176588,0,0.0125062531265633,94.7098549274637
9,1,5.47842401500938,0.187617260787992,0.562851782363977,0.0250156347717323,93.7460913070669
10,2,3.96150962259435,0.199950012496876,0.0124968757810547,0,95.8260434891277
10,3,40.3478043287877,1.18853997247592,0.0125109470786939,0.0750656824721631,58.3760790691855
10,4,4.10205102551276,0.287643821910955,0,0.0250125062531266,95.5852926463232
10,6,4.37554694336792,0.175021877734717,0.300037504688086,0.0125015626953369,95.1368921115139
10,5,5.9161976235147,0.250156347717323,0.0375234521575985,0.0250156347717323,93.7711069418387
10,7,4.14585414585415,0.262237762237762,0.024975024975025,0.024975024975025,95.541958041958
10,1,3.70185092546273,0.225112556278139,0.0250125062531266,0.0125062531265633,96.0355177588794
11,2,3.25802022219448,0.299588066408688,0,0.037448508301086,96.4049432030957
11,3,38.6875,1.1625,0.0125,0.05,60.0875
11,4,2.98526105420934,0.187359480389708,0,0,96.827379465401
11,6,3.5,0.35,0,0.0375,96.1125
11,5,4.67850888166125,0.62546910182637,0.0500375281461096,0.0250187640730548,94.6209657242932
11,7,3.2536603679139,0.563133525215868,0.0125140783381304,0,96.1706920285321
11,1,3.02802802802803,0.262762762762763,0,0.0125125125125125,96.6966966966967
12,2,6.96598299149575,0.450225112556278,0.0125062531265633,0.0125062531265633,92.5587793896948
12,3,25.4345379517319,1.48805802175816,0,0.250093785169439,72.8273102413405
12,4,7.7930174563591,0.486284289276808,0.0249376558603491,0.0124688279301746,91.6832917705736
12,6,7.11699338244475,0.486952178798851,0,0.0124859533025346,92.3835684854539
12,5,11.255627813907,0.525262631315658,0,0.0375187593796898,88.1815907953977
12,7,7.18128362317027,0.48792693606906,0.0125109470786939,0.0250218941573877,92.2932565995246
12,1,7.12586098935504,0.413274890419537,0.0250469630557295,0.0375704445835942,92.3982467125861
13,2,4.2994625671791,0.274965629296338,0.0249968753905762,0.0249968753905762,95.3755780527434
13,3,32.5256057956533,0.711966025480889,0.0124906320259805,0.0374718960779415,66.7124656507619
13,4,4.56757768625983,0.311993011356546,0.0124797204542618,0.0124797204542618,95.0954698614751
13,6,4.4625,0.125,0.0375,0,95.375
13,5,7.11072231942014,0.337415646088478,0.0249937515621095,0.0499875031242189,92.476880779805
13,7,4.79700187382886,0.287320424734541,0.0124921923797626,0.0124921923797626,94.8906933166771
13,1,4.27339747594652,0.112457828314382,0.0124953142571536,0.0124953142571536,95.5891540672248
14,2,4.43472829481574,0.274828232354778,0.0249843847595253,0.0124921923797626,95.2529668956902
14,3,33.6329588014981,0.561797752808989,0.0499375780274657,0.0749063670411985,65.6803995006242
14,4,4.02953322487799,0.162683018395695,0.0125140783381304,0.0125140783381304,95.7827556000501
14,5,6.6875,0.475,0,0.0125,92.825
14,6,5.17241379310345,0.36231884057971,0.0124937531234383,0,94.4527736131934
14,7,4.28428678491132,0.262303272545591,0.0124906320259805,0.0124906320259805,95.4284286784911
14,1,4.5625,0.2875,0.0125,0.0125,95.125
15,2,4.8932717513419,0.386967919111222,0.012482836100362,0.012482836100362,94.6947946573462
15,3,22.5068732816796,1.09972506873282,0.0124968757810547,0.187453136715821,76.1934516370907
15,4,6.07727897961736,0.562711016631237,0.0125046892584719,0.0125046892584719,93.3350006252345
15,6,5.05252626313157,0.362681340670335,0.0125062531265633,0.0250125062531266,94.5472736368184
15,5,8.25825825825826,0.500500500500501,0.0125125125125125,0.025025025025025,91.2037037037037
15,1,5.30663329161452,0.312891113892365,0.0250312891113892,0.0125156445556946,94.342928660826
15,7,5.58889722430608,0.487621905476369,0.0125031257814454,0.0125031257814454,93.8984746186547
16,2,5.16314539317415,0.300037504688086,0.0125015626953369,0.0125015626953369,94.5118139767471
16,3,37.4984380857179,0.549793827314757,0.0124953142571536,0.087467199800075,61.8518055729102
16,4,4.58692663417073,0.149981252343457,0.0124984376952881,0.0124984376952881,95.2380952380952
16,6,4.91127218195451,0.287428142964259,0.0124968757810547,0.0124968757810547,94.7763059235191
16,5,7.12410948631421,0.349956255468066,0.0249968753905762,0.0249968753905762,92.4759405074366
16,1,4.58864716179045,0.18754688672168,0.0125031257814454,0.0250062515628907,95.1862965741435
16,7,4.94505494505495,0.437062937062937,0.0124875124875125,0.0124875124875125,94.5929070929071
17,2,3.18949343339587,0.225140712945591,0.0125078173858662,0.0125078173858662,96.5603502188868
17,3,44.2182817182817,0.44955044955045,0.0124875124875125,0.0999000999000999,55.2197802197802
17,4,3.09883793577408,0.199925028114457,0.0124953142571536,0.0249906285143071,96.66375109334
17,6,3.08865824684257,0.287607852944854,0.0250093785169439,0.0125046892584719,96.5862198324372
17,5,4.8512128032008,0.150037509377344,0.0125031257814454,0.0125031257814454,94.973743435859
17,1,3.35704480219643,0.237114688630975,0.0124797204542618,0.0124797204542618,96.3808810682641
17,7,2.71216097987752,0.174978127734033,0.0249968753905762,0,97.0878640169979
18,2,3.5,0.1875,0.0125,0.025,96.275
18,3,37.6121635094716,0.510967098703888,0.174476570289133,0.0997008973080758,61.6026919242273
18,6,4.38530734632684,0.187406296851574,0.0124937531234383,0,95.4147926036981
18,4,3.68796099512439,0.0875109388673584,0,0,96.2245280660082
18,1,4.10839160839161,0.237262737262737,0.0124875124875125,0.0374625374625375,95.6043956043956
18,7,3.88895835938477,0.150056271101663,0.0125046892584719,0.0125046892584719,95.9359759909966
18,5,6.38457686529795,0.525788683024537,0.0125187781672509,0.0125187781672509,93.064596895343
19,2,4.20356741923413,0.361731320942996,0.0124734938256206,0,95.4222277659972
19,3,23.3649525711433,1.09835247129306,0.0998502246630055,0.212181727408887,75.2246630054918
19,6,4.72686455475181,0.311798453479671,0.0249438762783737,0.0498877525567473,94.8865053629334
19,4,4.30819180819181,0.362137862137862,0.0124875124875125,0.0124875124875125,95.3046953046953
19,1,4.02349119080345,0.212420342371611,0.0124953142571536,0.0124953142571536,95.7390978383106
19,7,4.58015267175572,0.513077211863346,0.0250281566762608,0.0125140783381304,94.8692278813665
19,5,6.68415792103948,0.449775112443778,0.0124937531234383,0.0124937531234383,92.8410794602699
20,2,4.375,0.1875,0.0125,0,95.425
20,3,26.8643643643644,0.437937937937938,0.025025025025025,0.0125125125125125,72.6601601601602
20,6,4.64883779055236,0.274931267183204,0.0124968757810547,0,95.0637340664834
20,4,4.30215107553777,0.212606303151576,0.0250125062531266,0.0125062531265633,95.447723861931
20,1,4.84515484515484,0.112387612387612,0.0124875124875125,0,95.02997002997
20,7,4.29838810446083,0.137448456828689,0.0124953142571536,0.0124953142571536,95.5391728101962
20,5,6.87976026969659,0.374578599076039,0.0249719066050693,0.0249719066050693,92.6957173180172
21,2,4.91127218195451,0.137465633591602,0.0999750062484379,0.0124968757810547,94.8387903024244
21,3,39.2139737991266,0.361821584529008,0.0249532127261385,0.0623830318153462,60.3368683718029
21,6,3.7625,0.125,0,0.0125,96.1
21,4,3.47282948157402,0.137414116177389,0.0124921923797626,0.0124921923797626,96.3647720174891
21,1,3.88993120700438,0.100062539086929,0,0.0125078173858662,95.9974984365228
21,7,3.68519675202998,0.249843847595253,0,0,96.0649594003748
21,5,5.56319539942493,0.200025003125391,0.0125015626953369,0.0125015626953369,94.211776472059
22,2,3.91005621486571,0.112429731417864,0.0124921923797626,0.0124921923797626,95.9525296689569
22,3,24.9218456921345,0.212579717394023,0.0125046892584719,0.0375140677754158,74.8155558334375
22,6,3.84903774056486,0.0999750062484379,0.0124968757810547,0,96.0384903774057
22,4,4.2691299463238,0.087379852702534,0.012482836100362,0,95.6310073648733
22,1,4.08035937110057,0.124781632143748,0.0124781632143748,0,95.7823808335413
22,7,3.77075789736546,0.0874016731177425,0.0624297665126732,0.0249719066050693,96.0544387563991
22,5,6.48229257915155,0.200225253410086,0.0125140783381304,0.0375422350143912,93.2674258540858
23,2,4.71132216945764,0.349912521869533,0.0124968757810547,0.0249937515621095,94.9012746813297
23,3,21.7461903572321,0.999250562078441,0.0124906320259805,0.0874344241818636,77.1546340244816
23,6,6.7358160459885,0.412396900774806,0.0249937515621095,0.0249937515621095,92.8017995501125
23,4,4.81490745372686,0.337668834417209,0,0.0250125062531266,94.8224112056028
23,1,6.25547353934693,0.300262729888653,0,0.0250218941573877,93.419241836607
23,7,6.2125,0.5125,0.0125,0.0125,93.25
23,5,8.77543377855449,0.461864935713394,0.024965672200724,0.037448508301086,90.7002871052303
24,2,4.04848181931776,0.0749718855429214,0.0249906285143071,0,95.851555666625
24,3,35.2080989876265,0.437445319335083,0.0249968753905762,0.0624921884764404,64.2669666291713
24,6,3.98351648351648,0.137362637362637,0.024975024975025,0,95.8541458541459
24,4,4.73158551810237,0.162297128589263,0.0124843945068664,0,95.0936329588015
24,1,3.79383501809559,0.124797204542618,0.0249594409085236,0,96.0564083364533
24,7,3.68335622424772,0.124859533025346,0,0.0124859533025346,96.1792982894244
24,5,6.34207240948814,0.249687890137328,0,0.0249687890137328,93.3832709113608
25,2,4.00749063670412,0.149812734082397,0.0124843945068664,0,95.8302122347066
25,3,32.7084114485689,0.474940632420947,0,0.0374953130858643,66.7791526059243
25,6,3.85960529602798,0.149887584311766,0,0.0124906320259805,95.9780164876343
25,4,4.36632053046416,0.150131364944326,0,0,95.4835481045915
25,1,3.61024359775141,0.137414116177389,0,0,96.2523422860712
25,5,5.93082781870396,0.274690972655762,0.0374578599076039,0,93.7570233487327
25,7,3.53661584603849,0.162459385153712,0.0124968757810547,0.0124968757810547,96.2759310172457
26,2,4.31357839459865,0.325081270317579,0.0375093773443361,0.0125031257814454,95.311327831958
26,3,21.551724137931,0.924537731134433,0.0124937531234383,0.112443778110945,77.3988005997002
26,7,4.51758228006507,0.275309723438869,0,0.0125140783381304,95.1945939181579
26,4,4.3010752688172,0.287571892973243,0.0125031257814454,0.0250062515628907,95.3738434608652
26,6,4.7125,0.3625,0.025,0.025,94.875
26,1,5.39797575909034,0.249906285143071,0,0.0124953142571536,94.3396226415094
26,5,7.92896448224112,0.462731365682841,0.0125062531265633,0.0375187593796898,91.5582791395698
27,2,3.62817465282122,0.16264231202302,0.0125109470786939,0.0125109470786939,96.1841611409984
27,3,32.2395508421709,0.573923892701185,0.0249532127261385,0.0249532127261385,67.1366188396756
27,7,3.87354741971761,0.224915656628764,0.0124953142571536,0.0124953142571536,95.8765462951393
27,5,7.02743329575348,0.225479143179256,0.0125266190655142,0.0250532381310284,92.7095077038707
27,4,3.81345336334084,0.137534383595899,0.0125031257814454,0.0125031257814454,96.0240060015004
27,1,4.86587648159701,0.187149095446039,0,0.0249532127261385,94.9220212102308
27,6,4.77440319960005,0.149981252343457,0.0124984376952881,0.0124984376952881,95.0506186726659
28,2,4.32337873297513,0.0749718855429214,0.0249906285143071,0,95.5766587529676
28,3,37.9762648344784,0.312304809494066,0,0.0624609618988132,61.6489693941287
28,7,4.12912912912913,0.137637637637638,0.0125125125125125,0.0125125125125125,95.7082082082082
28,5,7.06073481629593,0.187453136715821,0.0124968757810547,0,92.7393151712072
28,4,3.91103336248907,0.112457828314382,0,0.0124953142571536,95.9640134949394
28,1,4.34294271808311,0.13727692499688,0.0374391613627855,0.0124797204542618,95.469861475103
28,6,4.59712679575265,0.174890693316677,0,0,95.2279825109307
29,2,4.99937507811524,0.412448443944507,0.0124984376952881,0.0249968753905762,94.5506811648544
29,3,21.9852849482479,1.1722159870308,0.0124703828407532,0.124703828407532,76.705324853473
29,7,5.96473677629111,0.550206327372765,0.0125046892584719,0,93.4725522070777
29,5,6.25156289072268,0.437609402350588,0.0250062515628907,0.0125031257814454,93.2733183295824
29,4,4.99438132101386,0.437008365588713,0.0124859533025346,0.0124859533025346,94.5436384067924
29,1,4.23538230884558,0.412293853073463,0.0249875062468766,0,95.3273363318341
29,6,4.36468234117059,0.275137568784392,0,0.0125062531265633,95.3476738369185
30,2,3.97450318710161,0.162479690038745,0.0499937507811524,0,95.8130233720785
30,3,29.0233837689133,0.38764536701263,0.0250093785169439,0.0375140677754158,70.5264474177817
30,7,4.09692730452161,0.0999250562078441,0,0,95.8031476392705
30,5,6.73918479619905,0.225056264066017,0.0125031257814454,0.0250062515628907,92.9982495623906
30,4,4.17395651087228,0.0999750062484379,0.0249937515621095,0.0124968757810547,95.6885778555361
30,1,4.22447194100737,0.112485939257593,0.0124984376952881,0,95.6505436820397
30,6,4.09897525618595,0.137465633591602,0.0249937515621095,0.0124968757810547,95.7260684828793
31,2,3.46892937359621,0.162216121786873,0.0249563264287497,0.0124781632143748,96.3314200149738
31,3,40.9283753431495,0.449213875717494,0,0.0748689792862491,58.5475418018468
31,7,3.47282948157402,0.18738288569644,0,0,96.3397876327295
31,5,5.61530765382691,0.212606303151576,0.0125062531265633,0,94.1595797898949
31,4,3.50394193467651,0.112626705043174,0.0125140783381304,0.0125140783381304,96.3584032036041
31,1,3.77075789736546,0.149831439630416,0,0.0124859533025346,96.0669247097016
31,6,3.74953130858643,0.0999875015623047,0.0249968753905762,0.0124984376952881,96.1129858767654
32,2,3.42585646411603,0.325081270317579,0.0125031257814454,0.0125031257814454,96.2240560140035
32,3,28.8836163836164,1.38611388611389,0,0.224775224775225,69.5054945054945
32,7,3.61340335083771,0.312578144536134,0.0250062515628907,0.0250062515628907,96.0240060015004
32,4,3.72127872127872,0.312187812187812,0.0124875124875125,0.0124875124875125,95.9415584415584
32,5,5.63486100676183,0.33809166040571,0.0250438266967193,0.0375657400450789,93.9644377660907
32,1,3.64908772806798,0.349912521869533,0.0124968757810547,0.0374906273431642,95.9510122469383
32,6,3.67637864199075,0.32512192072027,0.0375140677754158,0.0125046892584719,95.9484806802551
33,2,4.10051256407051,0.150018752344043,0.0125015626953369,0.0250031253906738,95.7119639954994
33,3,26.0809797550612,0.624843789052737,0,0.0374906273431642,73.2566858285429
33,4,4.24840684743221,0.187429713857304,0.0249906285143071,0.0249906285143071,95.5141821816819
33,7,3.76344086021505,0.200050012503126,0,0.0125031257814454,96.0240060015004
33,5,6.66333291661458,0.200025003125391,0.0625078134766846,0.0250031253906738,93.0491311413927
33,1,4.08239700374532,0.112359550561798,0.0249687890137328,0,95.7802746566792
33,6,4.17395651087228,0.137465633591602,0.0124968757810547,0.0124968757810547,95.663584103974
34,2,3.98600524803199,0.137448456828689,0.0374859427714607,0,95.8390603523679
34,3,35.25,0.4875,0.0125,0.1125,64.1375
34,4,4.30980637101811,0.112429731417864,0.0124921923797626,0.0249843847595253,95.5402873204247
34,7,4.3803818794459,0.212155247722451,0.0249594409085236,0.0124797204542618,95.3700237114689
34,5,6.75726218675976,0.211943647924199,0.0124672734073058,0.0374018202219175,92.9809250716868
34,1,4.69296055916126,0.137294058911633,0,0.0124812780828757,95.1572641038442
34,6,4.44333499750374,0.124812780828757,0.0249625561657514,0,95.4068896655018
35,2,4.18488444722049,0.349781386633354,0.0124921923797626,0.0249843847595253,95.4278575890069
35,3,25.6935766058485,1.39965008747813,0.0124968757810547,0.0999750062484379,72.7943014246438
35,5,6.74255691768827,0.500375281461096,0.0125093820365274,0.0375281461095822,92.7070302727045
35,4,4.11044477761119,0.374812593703148,0.0124937531234383,0,95.5022488755622
35,7,4.01500938086304,0.32520325203252,0.0125078173858662,0.0125078173858662,95.6347717323327
35,1,4.53920220082531,0.300112542203326,0.0125046892584719,0,95.1481805677129
35,6,4.21355338834709,0.325081270317579,0,0.0125031257814454,95.4488622155539
36,2,3.82691345672836,0.11255627813907,0.0250125062531266,0.0125062531265633,96.0230115057529
36,3,23.3082706766917,0.463659147869674,0,0.06265664160401,76.1654135338346
36,5,6.36192861615529,0.175328741390106,0.0125234815278647,0.0125234815278647,93.4376956793989
36,4,4.11044477761119,0.124937531234383,0.0124937531234383,0.0249875062468766,95.7271364317841
36,7,4.10890470838017,0.162357936805295,0.0124890720619458,0.0124890720619458,95.7037592106906
36,1,4.07347244783206,0.112457828314382,0.0124953142571536,0.0249906285143071,95.7765837810821
36,6,4.24174174174174,0.175175175175175,0.025025025025025,0.0125125125125125,95.5455455455456
37,3,37.7110694183865,0.525328330206379,0.075046904315197,0.0500312695434647,61.6385240775485
37,2,3.3608195902049,0.149925037481259,0.0124937531234383,0.0124937531234383,96.464267866067
37,1,3.7448508301086,0.137311197103982,0.012482836100362,0.024965672200724,96.0803894644863
37,5,6.33354153653966,0.137414116177389,0.0124921923797626,0,93.5165521549032
37,7,3.22177822177822,0.137362637362637,0,0,96.6408591408591
37,4,3.2504063007876,0.150018752344043,0.0125015626953369,0.0250031253906738,96.5620702587823
37,6,3.56294536817102,0.187523440430054,0,0,96.2495311913989
38,3,35.2036990752312,0.437390652336916,0.0124968757810547,0.0374906273431642,64.3089227693077
38,2,3.7846615038721,0.0999250562078441,0,0.0124906320259805,96.1029228078941
38,5,5.99799649386426,0.112697220135237,0,0.0125219133483596,93.8767843726521
38,1,4.05439121756487,0.0998003992015968,0.0249500998003992,0,95.8208582834331
38,4,3.80821575727307,0.124859533025346,0.0374578599076039,0,96.029466849794
38,7,3.78939469734867,0.212606303151576,0,0,95.9979989994998
38,6,3.82165605095541,0.112401648557512,0.0124890720619458,0.0124890720619458,96.0409641563632
39,3,18.5421355338835,0.86271567891973,0.0125031257814454,0.112528132033008,80.4701175293823
39,2,4.04696477641769,0.349737696727454,0.0124906320259805,0,95.5783162628029
39,6,4.60674157303371,0.31210986267166,0.0249687890137328,0.0249687890137328,95.0312109862672
39,5,6.63589871523014,0.598727703629787,0.0124734938256206,0.0124734938256206,92.7404265934888
39,1,4.06097713357491,0.249906285143071,0.0249906285143071,0.0124953142571536,95.6516306385106
39,4,3.97599399849963,0.262565641410353,0.0125031257814454,0.0125031257814454,95.7364341085271
39,7,4.03195606041693,0.324553738609412,0.024965672200724,0.012482836100362,95.6060416926726
40,3,31.3742653495061,0.562711016631237,0.0375140677754158,0.0625234462923596,67.9629861197949
40,2,4.07398150462384,0.0999750062484379,0.0124968757810547,0.0124968757810547,95.8010497375656
40,6,3.85240775484678,0.125078173858662,0.0125078173858662,0.0125078173858662,95.9974984365228
40,5,6.53316645807259,0.150187734668335,0.0250312891113892,0.0250312891113892,93.2665832290363
40,1,4.18697662792151,0.112485939257593,0.0124984376952881,0,95.6880389951256
40,4,4.46082718980382,0.087467199800075,0.0124953142571536,0,95.439210296139
40,7,3.97450318710161,0.199975003124609,0.0249968753905762,0.0124984376952881,95.7880264966879
41,3,36.8690654672664,0.562218890554723,0.0124937531234383,0.0249875062468766,62.5312343828086
41,2,3.482711272001,0.137311197103982,0.024965672200724,0.012482836100362,96.3425290225939
41,6,3.43664083979005,0.124968757810547,0,0,96.4383904023994
41,5,5.28094105869103,0.162683018395695,0.0125140783381304,0.0250281566762608,94.5188336878989
41,1,3.09535696455317,0.112331502745881,0.0124812780828757,0.0124812780828757,96.7673489765352
41,4,3.23144104803493,0.1621958827199,0.0249532127261385,0,96.581409856519
41,7,3.38623016368862,0.149943771085843,0.0124953142571536,0,96.4513307509684
42,3,24.0134865134865,0.886613386613387,0.0124875124875125,0.0874125874125874,75
42,2,4.41415530824059,0.375140677754158,0.0125046892584719,0.0125046892584719,95.1856946354883
42,6,4.47723861930965,0.275137568784392,0.0375187593796898,0.0125062531265633,95.1975987993997
42,5,6.75084385548194,0.412551568946118,0.0125015626953369,0.0250031253906738,92.7990998874859
42,1,4.59368368493322,0.299588066408688,0.012482836100362,0.012482836100362,95.0817625764574
42,4,4.31411779417282,0.287607852944854,0.0125046892584719,0.0250093785169439,95.3607602851069
42,7,4.41360340085021,0.312578144536134,0.0125031257814454,0.0250062515628907,95.2363090772693
43,2,4.4180225281602,0.175219023779725,0.0500625782227785,0.0125156445556946,95.3441802252816
43,3,24.8907751841218,0.711521657720634,0.012482836100362,0.06241418050181,74.3228061415554
43,6,4.54033771106942,0.175109443402126,0.0125078173858662,0.0250156347717323,95.2470293933709
43,5,6.62492172824045,0.162805259862242,0.0125234815278647,0.0375704445835942,93.1621790857859
43,1,4.32067932067932,0.174825174825175,0.0124875124875125,0.0124875124875125,95.4795204795205
43,4,4.18697662792151,0.212473440819898,0.0249968753905762,0.0124984376952881,95.5630546181727
43,7,4.07652869826185,0.212579717394023,0.0125046892584719,0.0250093785169439,95.6733775165687
44,3,39.3049131141393,0.562570321290161,0.0500062507813477,0.0500062507813477,60.0325040630079
44,2,3.5375,0.1375,0.0125,0.0125,96.3
44,6,4.23697037870266,0.137482814648169,0.0249968753905762,0.0249968753905762,95.575553055868
44,5,6.3,0.1875,0,0.0125,93.5
44,1,3.59685275384039,0.137379792681404,0.0249781441238916,0.0249781441238916,96.2158111652304
44,4,3.69676533033596,0.112401648557512,0.0124890720619458,0.0249781441238916,96.1533658049207
44,7,3.95903584363682,0.137379792681404,0,0,95.9035843636818
45,3,41.1830915457729,0.537768884442221,0,0.0625312656328164,58.2166083041521
45,2,2.77569392348087,0.112528132033008,0.0500125031257814,0,97.0617654413603
45,6,3.04543185222167,0.137294058911633,0.0124812780828757,0,96.8047928107838
45,5,4.72677253970239,0.162560960360135,0.0625234462923596,0.0250093785169439,95.0231336751282
45,1,3.07384730725978,0.0624765712857678,0,0,96.8636761214545
45,4,3.00037504688086,0.137517189648706,0.0125015626953369,0.0250031253906738,96.8246030753844
45,7,2.80245214562742,0.125109470786939,0.0375328412360816,0,97.0349055423496
46,3,27.8320802005013,0.952380952380952,0.012531328320802,0.12531328320802,71.077694235589
46,2,3.60394064097768,0.261878039655817,0.0124703828407532,0.0249407656815064,96.0967701708443
46,6,3.69953755780527,0.299962504686914,0.0124984376952881,0.0124984376952881,95.9755030621172
46,5,5.38712102230018,0.476071160110248,0.0125281884239539,0.0125281884239539,94.1117514407417
46,1,3.5008752188047,0.250062515628907,0.0250062515628907,0.0250062515628907,96.1990497624406
46,4,3.43535290443473,0.262336039975016,0.0124921923797626,0.0124921923797626,96.2773266708307
46,7,3.33958724202627,0.387742338961851,0,0.0250156347717323,96.2476547842402
47,3,32.3716747845635,0.47458473835394,0.0249781441238916,0.0749344323716748,67.053827900587
47,2,3.89902524368908,0.149962509372657,0.0124968757810547,0.0124968757810547,95.9260184953762
47,6,3.7846615038721,0.0999250562078441,0.0124906320259805,0.024981264051961,96.0779415438421
47,5,6.15942028985507,0.162418790604698,0.0374812593703148,0.0124937531234383,93.6281859070465
47,1,4.09539268323136,0.124859533025346,0.0124859533025346,0.0124859533025346,95.7547758771382
47,4,3.64068559989991,0.16264231202302,0.0125109470786939,0.0125109470786939,96.1716501939197
47,7,3.92303848075962,0.149925037481259,0.0249875062468766,0,95.9020489755122
48,3,35.1706036745407,0.387451568553931,0,0.0374953130858643,64.4044494438195
48,2,3.41506129597198,0.0875656742556918,0.0125093820365274,0.0125093820365274,96.4723542656993
48,6,3.85912326714125,0.112401648557512,0.0124890720619458,0,96.0159860122393
48,5,5.76971214017522,0.125156445556946,0,0.0125156445556946,94.0926157697121
48,1,3.65045630703838,0.0750093761720215,0,0,96.2745343167896
48,7,3.84951881014873,0.137482814648169,0.0249968753905762,0,95.9880014998125
48,4,3.67637864199075,0.100037514067775,0,0,96.2235838439415
49,3,27.8138258048415,1.14799101572249,0.0124781632143748,0.149737958572498,70.8759670576491
49,2,4.12924151696607,0.336826347305389,0.0249500998003992,0.0249500998003992,95.4840319361277
49,6,4.26463231615808,0.400200100050025,0.450225112556278,0.0125062531265633,94.8724362181091
49,5,6.1145219897256,0.438541536148352,0.0250595163513344,0.0250595163513344,93.3968174414234
49,1,3.77736085053158,0.250156347717323,0.0250156347717323,0.0250156347717323,95.9224515322076
49,7,3.97093824376801,0.400851810096455,0.0125266190655142,0.0250532381310284,95.590630088939
49,4,3.77877877877878,0.337837837837838,0.025025025025025,0.0125125125125125,95.8458458458458
50,3,30.3973013493253,0.43728135932034,0.0249875062468766,0.0749625187406297,69.0654672663668
50,2,4.24522412286178,0.16231739293295,0.0124859533025346,0,95.5799725309027
50,6,4.59655258556083,0.162378216337747,0.0124906320259805,0.0124906320259805,95.2160879340495
50,5,6.83920980245061,0.250062515628907,0,0.0250062515628907,92.8857214303576
50,1,4.17552194024253,0.200025003125391,0.0125015626953369,0.0125015626953369,95.5994499312414
50,7,4.05,0.15,0.0125,0.025,95.7625
50,4,4.12242348532167,0.0999375390381012,0.0124921923797626,0.0124921923797626,95.7526545908807
51,3,33.6795994993742,0.300375469336671,0.0125156445556946,0.0375469336670839,65.9699624530663
51,2,2.72363818090955,0.087456271864068,0.0124937531234383,0,97.1764117941029
51,6,3.46120204923154,0.137448456828689,0.0249906285143071,0.0124953142571536,96.3638635511683
51,5,4.96374093523381,0.150037509377344,0.0125031257814454,0.0125031257814454,94.861215303826
51,1,2.96064959400375,0.0749531542785759,0.0124921923797626,0.0124921923797626,96.9394128669582
51,4,2.84140693453499,0.0751032669921142,0.0125172111653524,0.0125172111653524,97.0584553761422
51,7,2.92463442069741,0.137482814648169,0.0374953130858643,0,96.9003874515685
52,3,22.379107834562,0.937148569286518,0.0124953142571536,0.149943771085843,76.5213045108084
52,2,4.1474078700812,0.287320424734541,0,0,95.5652717051843
52,6,4.45915563327504,0.349737696727454,0,0.0374718960779415,95.1536347739196
52,5,6.75269356051115,0.400902029566525,0,0.0250563768479078,92.8213480330744
52,1,4.73217630166063,0.324634785865901,0.0124859533025346,0.0124859533025346,94.9182170058684
52,4,3.87306346826587,0.324837581209395,0.0249875062468766,0,95.7771114442779
52,7,3.96745932415519,0.375469336670839,0.0125156445556946,0.0125156445556946,95.6320400500626
53,3,25.7746126936532,0.387306346826587,0.0499750124937531,0.0624687656171914,73.7256371814093
53,2,4.84916479680878,0.137122911992022,0.024931438544004,0.024931438544004,94.9638494141112
53,6,4.14948131483565,0.162479690038745,0.0374953130858643,0,95.6505436820397
53,5,6.37764691141461,0.250595163513344,0,0.0125297581756672,93.3592281668964
53,1,4.32770481550969,0.125078173858662,0.0125078173858662,0.0125078173858662,95.5222013758599
53,4,4.27393151712072,0.112471882029493,0.0249937515621095,0.0124968757810547,95.5761059735066
53,7,4.3,0.1875,0.025,0.0125,95.475
54,3,36.9046130766346,0.462557819727466,0.0125015626953369,0.0375046880860107,62.5828228528566
54,2,3.85864135864136,0.14985014985015,0.024975024975025,0.0124875124875125,95.954045954046
54,6,3.78182725911133,0.0873689465801298,0.0124812780828757,0.0124812780828757,96.1058412381428
54,5,5.87133041848844,0.124921923797626,0.0124921923797626,0.0124921923797626,93.9787632729544
54,1,3.59505679690426,0.087379852702534,0,0.012482836100362,96.3050805142929
54,4,3.43578210894553,0.0749625187406297,0,0,96.4892553723138
54,7,3.44698388909704,0.112401648557512,0.0124890720619458,0,96.4281253902835
55,3,35.8009253470051,0.450168813304989,0.0250093785169439,0.0250093785169439,63.698887082656
55,2,3.08788598574822,0.112514064258032,0,0.0125015626953369,96.7870983872984
55,6,3.4763036138552,0.150056271101663,0.0125046892584719,0,96.3611354257847
55,4,3.10038754844356,0.200025003125391,0.0250031253906738,0,96.6745843230404
55,5,5.30066258282285,0.225028128516065,0.0250031253906738,0.0125015626953369,94.4368046005751
55,1,3.00187617260788,0.112570356472795,0.0250156347717323,0.0125078173858662,96.8480300187617
55,7,3.11211098612673,0.149981252343457,0.0124984376952881,0,96.7254093238345
56,3,22.5677532159361,1.07406019732734,0.0124890720619458,0.0999125764955664,76.2457849381791
56,2,3.62726704190119,0.300187617260788,0.0125078173858662,0,96.0600375234522
56,6,3.71435717858929,0.275137568784392,0.0250125062531266,0.0125062531265633,95.9729864932466
56,4,3.82936260446551,0.249469876512411,0.0249469876512411,0.0124734938256206,95.8837470375452
56,5,5.64384933049681,0.425478663496433,0,0.0375422350143912,93.8931297709924
56,1,3.87403149212697,0.274931267183204,0.0124968757810547,0,95.8385403649088
56,7,3.98301910350855,0.324634785865901,0.0124859533025346,0.0124859533025346,95.6673742040205
57,3,25.0344051044664,0.600525459777305,0,0.0375328412360816,74.3275365945202
57,2,4.175,0.1625,0.0125,0.0125,95.6375
57,5,7.02324418895276,0.249937515621095,0.0124968757810547,0.0124968757810547,92.701824543864
57,6,4.39189189189189,0.137637637637638,0,0,95.4704704704705
57,4,4.11095839060352,0.187429713857304,0.0124953142571536,0,95.689116581282
57,1,4.64477462854289,0.137345486327881,0.0249719066050693,0,95.1929079785242
57,7,4.56985890872768,0.149831439630416,0.0124859533025346,0.0124859533025346,95.2553377450368
58,3,38.3625,0.625,0.025,0.0625,60.925
58,2,3.45558882235529,0.162175648702595,0.0124750499001996,0,96.3697604790419
58,6,3.33583208395802,0.0999500249875062,0.0499750124937531,0.0124937531234383,96.5017491254373
58,5,5.04569926129961,0.137723801176912,0.0125203455615375,0.0125203455615375,94.7915362464004
58,4,3.59775140537164,0.124921923797626,0.0124921923797626,0,96.264834478451
58,1,3.34665334665335,0.162337662337662,0,0.0124875124875125,96.4785214785215
58,7,3.3879234904363,0.150018752344043,0.0250031253906738,0,96.437054631829
59,3,27.9614325068871,0.425745053844227,0.0125219133483596,0.0500876533934385,71.5502128725269
59,2,3.6745406824147,0.174978127734033,0.0124984376952881,0,96.137982752156
59,6,3.93089634451678,0.175262894341512,0.0125187781672509,0.0125187781672509,95.8688032048072
59,5,5.90812367004631,0.21279258981099,0.0125172111653524,0,93.8665665289773
59,4,3.60315275866383,0.175153259101714,0,0.0125109470786939,96.2091830351558
59,7,4.16041979010495,0.149925037481259,0.0124937531234383,0.0124937531234383,95.6646676661669
59,1,3.90664003994009,0.199700449326011,0.0124812780828757,0.0124812780828757,95.8686969545682
60,3,25.5186203449138,1.21219695076231,0.0124968757810547,0.0874781304673832,73.1692076980755
60,2,3.9125,0.25,0.025,0.0375,95.775
60,6,4.34565434565435,0.262237762237762,0.0124875124875125,0.0124875124875125,95.3546453546454
60,5,6.22577822227778,0.32504063007876,0,0.0375046880860107,93.4116764595574
60,4,3.62545318164771,0.137517189648706,0.0250031253906738,0.0125015626953369,96.1995249406176
60,7,3.65,0.2875,0.0125,0.0125,96.0375
60,1,3.77405648587853,0.23744063984004,0.0124968757810547,0.0124968757810547,95.9635091227193
61,3,38.8909704008992,0.449606594230049,0.0124890720619458,0.0499562882477832,60.596977644561
61,2,3.22218059198202,0.0874235044336206,0.0124890720619458,0,96.6779068315224
61,6,3.51074462768616,0.0749625187406297,0.0249875062468766,0,96.3893053473263
61,5,5.5138784696174,0.137534383595899,0.0125031257814454,0.0250062515628907,94.3110777694424
61,4,3.09922519370157,0.174956260934766,0.0124968757810547,0,96.7133216695826
61,7,3.07576894223556,0.0875218804701175,0,0,96.8367091772943
61,1,3.25802022219448,0.137311197103982,0.012482836100362,0.012482836100362,96.5797029085008
62,3,35.1293911738967,0.662582822852857,0.0125015626953369,0.0500062507813477,64.1455181897737
62,2,4.0125,0.125,0.0125,0.0125,95.8375
62,6,4.33966983491746,0.212606303151576,0.0375187593796898,0.0125062531265633,95.3976988494247
62,5,6.6208619612742,0.18738288569644,0.0249843847595253,0.0249843847595253,93.1417863835103
62,4,3.97251717676452,0.149906308557152,0.0124921923797626,0.0124921923797626,95.8525921299188
62,7,3.91103336248907,0.17493439960015,0,0,95.9140322379108
62,1,4.41139715071232,0.162459385153712,0.0249937515621095,0.0249937515621095,95.3761559610097
63,3,25.8169119481167,1.08505861810925,0.0623596906959341,0.074831628835121,72.9608381142429
63,2,3.91961053551367,0.299588066408688,0.012482836100362,0.012482836100362,95.7558357258769
63,6,4.17917917917918,0.275275275275275,0.0125125125125125,0.0125125125125125,95.5205205205205
63,5,5.85512323282873,0.375328412360816,0,0.0125109470786939,93.7570374077318
63,4,4.25983760149906,0.212367270455965,0,0,95.527795128045
63,1,4.07245471580262,0.312304809494066,0.0124921923797626,0,95.6027482823235
63,7,3.5151363522642,0.400300225168877,0.0125093820365274,0,96.0720540405304
64,3,33.2127261384903,0.399251403618216,0.0124766063630692,0.0374298190892077,66.3381160324392
64,2,3.61024359775141,0.0749531542785759,0.0124921923797626,0.0124921923797626,96.2898188632105
64,6,3.52720450281426,0.137585991244528,0.0125078173858662,0,96.3227016885553
64,5,5.82657517155334,0.199625701809108,0.112289457267623,0.0124766063630692,93.8490330630069
64,4,3.60844050443251,0.124859533025346,0.0249719066050693,0.0124859533025346,96.2292421026345
64,1,3.7125,0.1,0.0125,0.0125,96.1625
64,7,3.52367862051731,0.137448456828689,0.0374859427714607,0,96.3013869798826
65,3,35.0905683947533,0.349781386633354,0.0124921923797626,0.0624609618988132,64.4846970643348
65,2,3.74344896431245,0.124781632143748,0.0249563264287497,0.0124781632143748,96.0943349139007
65,6,4.19737663960025,0.162398500936914,0.0499687695190506,0,95.5902560899438
65,5,6.85085635704463,0.225028128516065,0.0125015626953369,0.0125015626953369,92.8991123890486
65,4,3.77028714107366,0.124843945068664,0.0249687890137328,0.0124843945068664,96.0674157303371
65,1,3.6036036036036,0.162662662662663,0.0125125125125125,0,96.2212212212212
65,7,3.92107892107892,0.174825174825175,0.024975024975025,0.0124875124875125,95.8666333666334
66,3,26.7066766691673,0.387596899224806,0.0125031257814454,0.0500125031257814,72.8432108027007
66,2,3.67959949937422,0.175219023779725,0,0.0125156445556946,96.1326658322904
66,6,4.11625296245478,0.149681925907447,0.0498939753024822,0,95.6841711363353
66,5,5.98450774612694,0.149925037481259,0,0.0124937531234383,93.8530734632684
66,4,3.68052078117176,0.0876314471707561,0.0125187781672509,0,96.2193289934902
66,1,4.29463171036205,0.17478152309613,0.0124843945068664,0,95.518102372035
66,7,4.10275595460781,0.162114976929792,0.0124703828407532,0.0124703828407532,95.7101883027809
67,3,22.7238619309655,1.07553776888444,0,0.125062531265633,76.0755377688844
67,2,3.93286573146293,0.250501002004008,0.0250501002004008,0.0125250501002004,95.7790581162325
67,6,4.48469706433479,0.299812617114304,0.0124921923797626,0.0374765771392879,95.1655215490319
67,4,4.08852213053263,0.287571892973243,0.0250062515628907,0,95.5988997249312
67,5,6.4375,0.45,0.025,0.0375,93.05
67,1,4.19737663960025,0.312304809494066,0.0124921923797626,0.0124921923797626,95.4653341661462
67,7,4.42278860569715,0.449775112443778,0.0124937531234383,0.0124937531234383,95.1024487756122
68,3,37.7763897564022,0.512179887570269,0.0249843847595253,0.0749531542785759,61.6114928169894
68,2,3.26168457885529,0.0749812546863284,0,0,96.6633341664584
68,6,3.76061969015492,0.124937531234383,0.0124937531234383,0,96.1019490254873
68,4,3.32416895776056,0.0999750062484379,0.0124968757810547,0.0124968757810547,96.5508622844289
