moment,node,user,system,iowait,softirq,idle
1,2,0.137345486327881,0.0749157198152079,0.0374578599076039,0,99.7502809339493
1,3,0.1998001998002,0.0374625374625375,0.0374625374625375,0,99.7252747252747
1,5,0.0999125764955664,0.0249781441238916,0.062445360309729,0,99.8126639190708
1,4,0.162378216337747,0.024981264051961,0.0124906320259805,0,99.8001498875843
1,1,0.112415688233825,0.024981264051961,0.0374718960779415,0,99.8251311516363
1,6,0.174890693316677,0.0124921923797626,0.0249843847595253,0,99.787632729544
1,7,0.14985014985015,0.112387612387612,0.0374625374625375,0,99.7002997002997
2,2,0.0874125874125874,0.0124875124875125,0.0124875124875125,0,99.8876123876124
2,3,0.0749344323716748,0.0249781441238916,0,0,99.9000874235044
2,4,5.76682511883913,0.875656742556918,0.112584438328747,0.062546910182637,93.1823867900926
2,5,0.124937531234383,0.237381309345327,0.112443778110945,0.0249875062468766,99.5002498750625
2,1,0.312304809494066,0.23735165521549,0,0.0124921923797626,99.4378513429107
2,6,0.087456271864068,0.087456271864068,0.0124937531234383,0,99.8125937031484
2,7,0.0749344323716748,0.0749344323716748,0.0374672161858374,0,99.8126639190708
3,4,12.2776246554748,0.952142320220496,0.150338261087447,0,86.6198947632172
3,2,8.84523958463656,1.25109470786939,0.237707994495183,0.087576629550857,89.578381083448
3,3,14.2088132198297,1.85277916875313,0,0.0250375563345018,83.9133700550826
3,5,8.61051838835195,1.20497050332622,0.0125517760763148,0.0251035521526296,90.1468557800929
3,1,8.94532716126611,1.26360565494808,0.150131364944326,0.0125109470786939,89.6284248717628
3,6,9.12847483095417,1.31480090157776,0.0250438266967193,0,89.5316804407714
3,7,9.2898224556139,1.37534383595899,0.0125031257814454,0.0375093773443361,89.2848212053013
4,4,13.6585365853659,1.22576610381488,0,0.0125078173858662,85.1031894934334
4,2,12.3401053423627,1.11612741409581,0.0250815149235014,0.0125407574617507,86.5061449711563
4,3,23.5154394299287,1.82522815351919,0.16252031503938,0.0500062507813477,74.4468058507313
4,5,12.8269302965837,1.21386559879865,0.0250281566762608,0.0125140783381304,85.9216618696033
4,1,13.1243756243756,1.07392607392607,0.0124875124875125,0.024975024975025,85.7642357642358
4,6,13.7844924459983,1.21113747034586,0.0249719066050693,0.0124859533025346,84.9669122237483
4,7,13.831915957979,1.33816908454227,0.125062531265633,0.0125062531265633,84.6923461730865
5,4,19.4858934169279,0.827586206896552,0.0125391849529781,0.0125391849529781,79.6614420062696
5,3,76.5573770491803,2.8499369482976,0,0.239596469104666,20.3530895334174
5,2,16.8170426065163,0.739348370927318,0.012531328320802,0.050125313283208,82.3809523809524
5,5,14.6940822467402,0.664493480441324,0.0125376128385155,0.0376128385155466,84.5912738214644
5,1,16.318358152922,0.738330621949693,0.0125140783381304,0.0375422350143912,82.8932549117757
5,6,17.4533617127833,0.939025917115312,0.05008138224615,0.0375610366846125,81.5199699511707
5,7,23.3416770963705,1.23904881101377,0.0250312891113892,0.0625782227784731,75.3316645807259
6,3,34.6081504702194,1.12852664576802,0,0.125391849529781,64.1379310344828
6,4,11.125,0.475,0,0.0375,88.3625
6,2,10.0337795571125,0.362817465282122,0,0.0250218941573877,89.578381083448
6,5,10.7432854465959,0.524672079950031,0,0.0499687695190506,88.682073703935
6,1,9.9774943735934,0.387596899224806,0,0.0125031257814454,89.6224056014003
6,6,10.6633291614518,0.413016270337922,0,0.0375469336670839,88.8861076345432
6,7,10.3219341099837,0.638857572341225,0.0125266190655142,0.0626330953275711,88.964048603282
7,4,6.40160040010003,0.462615653913478,0.0250062515628907,0.0250062515628907,93.0857714428607
7,3,36.5868938729483,1.5286304974314,0.0125297581756672,0.0751785490540033,61.7967673223907
7,2,7.5808667416011,0.549519170725615,0.0124890720619458,0.0374672161858374,91.8196577994255
7,5,6.43347907557776,0.524672079950031,0.0249843847595253,0.0249843847595253,92.9918800749532
7,1,7.92537874045324,0.6009765869538,0.0375610366846125,0.0125203455615375,91.4235632903468
7,6,6.15403819747847,0.536761952315566,0.024965672200724,0.012482836100362,93.2717513419049
7,7,8.18625610214044,0.550757291275504,0.0125172111653524,0.0375516334960571,91.2129177619226
8,4,4.2239440139965,0.187453136715821,0.0124968757810547,0.0124968757810547,95.5636090977256
8,3,45.5591693770328,1.61371028271203,0,0.0375281461095822,52.7895921941456
8,1,4.2526579111945,0.225140712945591,0.0125078173858662,0.0250156347717323,95.4846779237023
8,2,4.88688913885764,0.287464066991626,0.0124984376952881,0.0124984376952881,94.8006499187602
8,5,5.01500750375188,0.275137568784392,0.0250125062531266,0.0125062531265633,94.672336168084
8,6,4.74347771813756,0.31207090250905,0.012482836100362,0.024965672200724,94.9070028710523
8,7,4.80949406620862,0.262336039975016,0.0249843847595253,0.0124921923797626,94.8906933166771
9,4,3.77688844422211,0.200100050025012,0,0.0125062531265633,96.0105052526263
9,3,41.2962037962038,1.2987012987013,0.0124875124875125,0.0624375624375624,57.3301698301698
9,1,4.17552194024253,0.262532816602075,0.0125015626953369,0.0125015626953369,95.5369421177647
9,2,4.25318989241931,0.312734550913185,0.262697022767075,0.0125093820365274,95.1588691518639
9,5,4.4710877981766,0.299737729486699,0.312226801548645,0.0249781441238916,94.8919695266642
9,6,4.23326673326673,0.262237762237762,0.024975024975025,0,95.4795204795205
9,7,4.89755122438781,0.212393803098451,0.0124937531234383,0.0124937531234383,94.8650674662669
10,4,8.14638425867903,0.325855370347161,0.0501315954380248,0.0250657977190124,91.4525629778168
10,3,34.1105678826627,2.25648740127868,0.125360411182149,0.213112699009653,63.2944716058669
10,1,7.39630184907546,0.374812593703148,0.162418790604698,0.0249875062468766,92.0414792603698
10,2,7.51091703056769,0.3243917654398,0.0124766063630692,0.0124766063630692,92.1397379912664
10,5,7.50187546886722,0.300075018754689,0.0125031257814454,0.0375093773443361,92.1480370092523
10,6,7.87303174206448,0.387403149212697,0.249937515621095,0.0374906273431642,91.4521369657586
10,7,8.09458275991492,0.462905041911673,0.0375328412360816,0.0250218941573877,91.3799574627799
11,4,4.83327088797302,0.449606594230049,0,0,94.7171225177969
11,3,28.9378205930189,0.71312398348555,0.0125109470786939,0.0750656824721631,70.2614787939447
11,2,4.91004497751124,0.412293853073463,0.0249875062468766,0.0124937531234383,94.640179910045
11,1,4.9875,0.4125,0.0125,0,94.5875
11,5,5.02807236431691,0.474111041796631,0.149719276356831,0,94.3480973175296
11,6,5.58470764617691,0.474762618690655,0.0124937531234383,0,93.928035982009
11,7,5.50836872345741,0.449662752935299,0.024981264051961,0,94.0169872595553
12,4,4.36031984007996,0.262368815592204,0.0124937531234383,0,95.3648175912044
12,3,51.975,1.625,0.0125,0.1125,46.275
12,2,4.46194225721785,0.424946881639795,0.0124984376952881,0.0124984376952881,95.0881139857518
12,1,4.57100037467216,0.349694017734482,0.0124890720619458,0,95.0668165355314
12,5,4.61480740370185,0.350175087543772,0.0250125062531266,0.0125062531265633,94.9974987493747
12,6,4.52726363181591,0.600300150075038,0.0125062531265633,0.0125062531265633,94.8474237118559
12,7,4.90881838621034,0.212340744441669,0.0124906320259805,0.024981264051961,94.8413689732701
13,4,3.39702760084926,0.187336080929187,0.0124890720619458,0.0249781441238916,96.3781691020357
13,3,50.8317698561601,1.08818011257036,0,0.0875547217010632,47.9924953095685
13,2,3.43492380714464,0.0749437921558831,0.0124906320259805,0,96.4776417686735
13,1,3.19640404544887,0.0749157198152079,0.0249719066050693,0.0124859533025346,96.6912223748283
13,5,3.18630513557416,0.087467199800075,0,0,96.7262276646258
13,6,3.2495938007749,0.124984376952881,0,0,96.6254218222722
13,7,3.68519675202998,0.162398500936914,0.0124921923797626,0,96.1399125546533
14,4,2.70979020979021,0.1998001998002,0,0.0124875124875125,97.0779220779221
14,3,62.7169434386315,1.33599700337121,0.0249719066050693,0.0499438132101386,35.872143838182
14,2,2.76042967774169,0.187359480389708,0,0.024981264051961,97.0272295778166
14,1,2.68682829292677,0.187453136715821,0,0.0124968757810547,97.1132216945764
14,5,2.85035629453682,0.312539067383423,0.0125015626953369,0,96.8246030753844
14,6,2.6115206797451,0.274896913657379,0.0124953142571536,0.0124953142571536,97.0885917780832
14,7,2.4277311975973,0.200225253410086,0,0,97.3720435489926
15,4,3.58033932135729,0.31187624750499,0.0249500998003992,0.0124750499001996,96.0703592814371
15,3,36.9394128669582,0.462211118051218,0,0.0374765771392879,62.5608994378513
15,2,3.89707719210592,0.187359480389708,0.0124906320259805,0,95.9030726954784
15,1,3.54601073791984,0.287176925958297,0.0124859533025346,0.0249719066050693,96.1293544762143
15,5,3.42200574497315,0.0874235044336206,0.0249781441238916,0.0124890720619458,96.4531035344074
15,7,3.70185092546273,0.125062531265633,0.0375187593796898,0,96.1355677838919
15,6,3.33624890666,0.112457828314382,0.0124953142571536,0.0124953142571536,96.5263026365113
16,1,4.17604401100275,0.137534383595899,0.0125031257814454,0.0125031257814454,95.6614153538385
16,3,26.0913070669168,0.437773608505316,0.0875547217010632,0.0625390869293308,73.3208255159475
16,4,3.7092544023979,0.162357936805295,0.0374672161858374,0,96.090920444611
16,2,4.08954477238619,0.237618809404702,0.0125062531265633,0,95.6603301650825
16,5,4.41029485257371,0.187406296851574,0.0374812593703148,0,95.3648175912044
16,7,4.21777221526909,0.250312891113892,0.0250312891113892,0.0125156445556946,95.4943679599499
16,6,4.15155683381268,0.175065649618607,0.0250093785169439,0,95.6483681380518
17,1,5.45272636318159,0.275137568784392,0.0375187593796898,0.0250125062531266,94.2096048024012
17,4,4.31843785204656,0.300413067968457,0.0375516334960571,0.0250344223307047,95.3185630241582
17,3,29.0704928259513,1.44728633811603,0.0249532127261385,0.286961946350593,69.1703056768559
17,2,5.68110875265327,0.274690972655762,0.0249719066050693,0.0124859533025346,94.0067424147834
17,5,6.33133133133133,0.337837837837838,0.025025025025025,0.0125125125125125,93.2932932932933
17,7,6.90172543135784,0.300075018754689,0.0125031257814454,0.0125031257814454,92.7731932983246
17,6,5.53265892344199,0.337204945672537,0.0124890720619458,0.0124890720619458,94.1051579867616
18,1,4.29785107446277,0.137431284357821,0,0,95.5647176411794
18,4,4.29624078930935,0.14986886474335,0,0.0124890720619458,95.5414012738854
18,3,31.3460817397825,0.374953130858643,0,0.0874890638670166,68.1914760654918
18,2,4.80769230769231,0.262237762237762,0,0.0124875124875125,94.9175824175824
18,5,4.99562882477832,0.124890720619458,0.0374672161858374,0,94.8420132384164
18,7,5.3386553573656,0.286890357989273,0.0498939753024822,0.0249469876512411,94.2996133216914
18,6,4.06199225096863,0.124984376952881,0,0,95.8130233720785
19,1,3.55088772193048,0.150037509377344,0.0125031257814454,0.0250062515628907,96.2615653913478
19,3,43.4282858570715,0.487256371814093,0.0124937531234383,0.0499750124937531,56.0219890054973
19,4,3.81736526946108,0.137225548902196,0.0124750499001996,0,96.0329341317365
19,2,4.05844155844156,0.137362637362637,0.0124875124875125,0,95.7917082917083
19,5,3.95705904381475,0.112345524903258,0.012482836100362,0.012482836100362,95.9056297590813
19,7,3.89561743039081,0.137345486327881,0,0,95.9670370832813
19,6,3.78655336165959,0.162459385153712,0.0124968757810547,0.0124968757810547,96.0259935016246
20,3,54.4226197923183,0.337795571124734,0.0375328412360816,0.0625547353934693,45.1394970599274
20,1,2.41129435282359,0.0624687656171914,0.0124937531234383,0,97.5137431284358
20,4,2.34853216739538,0.0749531542785759,0.0374765771392879,0,97.5390381011868
20,2,2.52373813093453,0.0749625187406297,0.0249875062468766,0.0124937531234383,97.3638180909545
20,5,2.4487756121939,0.124937531234383,0.0124937531234383,0,97.4137931034483
20,7,2.44816387709218,0.23732200849363,0.0124906320259805,0,97.3020234823882
20,6,2.68447996004495,0.299662879260832,0,0,97.0158571606942
21,3,48.4015984015984,0.437062937062937,0.0374625374625375,0.124875124875125,50.999000999001
21,1,3.64589836434012,0.0874016731177425,0.0124859533025346,0,96.2542140092396
21,4,3.34707131260147,0.0749344323716748,0,0.0124890720619458,96.5655051829649
21,2,3.86153461634591,0.324918770307423,0,0,95.8135466133467
21,5,3.77217087184612,0.174868848363727,0,0,96.0529602797902
21,7,4.11404276603726,0.300112542203326,0,0.0250093785169439,95.5608353132425
21,6,3.8875,0.0875,0.0125,0.0125,96
22,3,31.2257903286268,0.324878170685993,0.0249906285143071,0.0124953142571536,68.4118455579158
22,1,3.8764536701263,0.125046892584719,0.0375140677754158,0.0125046892584719,95.9484806802551
22,4,3.94851930526053,0.0999625140572285,0.0124953142571536,0,95.9390228664251
22,2,3.93651587103224,0.124968757810547,0.0374906273431642,0.0249937515621095,95.8760309922519
22,5,4.3803818794459,0.124797204542618,0.0124797204542618,0.0124797204542618,95.469861475103
22,7,4.9906191369606,0.150093808630394,0.0125078173858662,0.0125078173858662,94.8342714196373
22,6,3.59595455112998,0.137345486327881,0.0374578599076039,0,96.2292421026345
23,3,26.7316829207302,1.25031257814454,0,0.212553138284571,71.8054513628407
23,1,4.5875,0.2125,0.0125,0.025,95.1625
23,4,4.11352838209552,0.325081270317579,0.0125031257814454,0.0250062515628907,95.5238809702426
23,2,4.94505494505495,0.2997002997003,0.024975024975025,0.024975024975025,94.7052947052947
23,5,4.74940632420947,0.299962504686914,0.0124984376952881,0.0124984376952881,94.925634295713
23,7,5.11988011988012,0.287212787212787,0.0124875124875125,0,94.5804195804196
23,6,4.44555444555445,0.312187812187812,0.0124875124875125,0.024975024975025,95.2047952047952
24,3,31.8096665417759,0.312226801548645,0.0249781441238916,0.062445360309729,67.7906831522418
24,1,4.65232616308154,0.125062531265633,0,0,95.2226113056528
24,4,4.41525953721076,0.0875547217010632,0.0250156347717323,0.0125078173858662,95.4596622889306
24,2,4.37664124046517,0.137551581843191,0.0125046892584719,0,95.4733024884332
24,5,4.8088933300025,0.137396952285786,0.024981264051961,0.0124906320259805,95.0162378216338
24,7,5.33549918780457,0.124953142571536,0.0124953142571536,0.0124953142571536,94.5145570411096
24,6,4.62557819727466,0.137517189648706,0.0125015626953369,0.0125015626953369,95.211901487686
25,3,53.1406406406406,0.375375375375375,0.025025025025025,0.0625625625625626,46.3963963963964
25,1,3.59730202348239,0.124906320259805,0.0124906320259805,0,96.2653010242318
25,4,3.67408147963009,0.124968757810547,0.0124968757810547,0.0124968757810547,96.1759560109973
25,2,3.925,0.2375,0.0125,0,95.825
25,5,3.44094094094094,0.0875875875875876,0.0125125125125125,0,96.458958958959
25,7,3.88507183010618,0.149906308557152,0.0374765771392879,0.0124921923797626,95.9150530918176
25,6,3.53661584603849,0.112471882029493,0.0124968757810547,0.0124968757810547,96.3259185203699
26,3,57.1232191952012,0.437390652336916,0.0124968757810547,0.0624843789052737,42.3644088977756
26,1,3.12304809494066,0.0749531542785759,0.0124921923797626,0.0124921923797626,96.7770143660212
26,4,3.1984007996002,0.0749625187406297,0.0124937531234383,0.0124937531234383,96.7016491754123
26,2,3.23386190535647,0.0749157198152079,0.0124859533025346,0,96.6787364215258
26,5,3.60889110889111,0.0749250749250749,0.024975024975025,0.0124875124875125,96.2787212787213
26,7,3.05152576288144,0.11255627813907,0.0250125062531266,0,96.8109054527264
26,6,3.59865050606023,0.087467199800075,0.0124953142571536,0,96.3013869798826
27,3,61.2532767444763,0.586693296717014,0,0.162276869304706,37.9977530895019
27,1,2.95073768442111,0.0875218804701175,0.0125031257814454,0,96.9492373093273
27,4,3.02235543899088,0.137379792681404,0.0249781441238916,0,96.8152866242038
27,2,3.22298563397876,0.0624609618988132,0.0124921923797626,0,96.7020612117427
27,5,3.13514863852111,0.0624531601299026,0,0.0124906320259805,96.789907569323
27,7,3.32250811891082,0.0749437921558831,0.0124906320259805,0,96.5900574569073
27,6,2.71216097987752,0.0749906261717285,0.0124984376952881,0,97.2003499562555
28,3,62.0844788802799,0.462384403899025,0.0249937515621095,0.137465633591602,37.2906773306673
28,4,2.56634952428643,0.112669003505258,0.0125187781672509,0,97.3084626940411
28,1,2.84964379452568,0.0749906261717285,0.0124984376952881,0.0124984376952881,97.050368703912
28,2,2.66150193677371,0.0624765712857678,0.0124953142571536,0.0124953142571536,97.2510308634262
28,5,2.76042967774169,0.0749437921558831,0.024981264051961,0,97.1396452660505
28,7,2.64867566216892,0.0999500249875062,0.0499750124937531,0.0124937531234383,97.1889055472264
28,6,3.39957505311836,0.0874890638670166,0.0249968753905762,0.0124984376952881,96.4754405699288
29,3,50.1250312578145,0.387596899224806,0,0.0750187546886722,49.4123530882721
29,4,4.38311688311688,0.287212787212787,0.0124875124875125,0,95.3171828171828
29,1,4.14844433337498,0.0624765712857678,0,0.0124953142571536,95.7765837810821
29,2,4.60559161258113,0.124812780828757,0,0.0249625561657514,95.2446330504244
29,5,4.61365341335334,0.137534383595899,0,0.0125031257814454,95.2363090772693
29,7,4.29179179179179,0.137637637637638,0.0125125125125125,0,95.5580580580581
29,6,4.07550943867983,0.137517189648706,0,0,95.7869733716715
30,3,24.5035593855377,0.199825152991133,0.0124890720619458,0.0249781441238916,75.2591482452854
30,4,3.41079460269865,0.0999500249875062,0,0.0124937531234383,96.4767616191904
30,1,3.56294536817102,0.0750093761720215,0.0125015626953369,0,96.3495436929616
30,2,4.10993129294191,0.0874453466583385,0.0249843847595253,0,95.7776389756402
30,5,3.97301349325337,0.0749625187406297,0.0124937531234383,0,95.9395302348826
30,7,4.11985018726592,0.124843945068664,0.0124843945068664,0,95.7428214731586
30,6,3.40255191393545,0.112584438328747,0.0125093820365274,0,96.4723542656993
31,3,25.4502251125563,1.20060030015008,0.0750375187593797,0.275137568784392,72.9989994997499
31,4,3.86153461634591,0.312421894526368,0.0249937515621095,0.0249937515621095,95.7760559860035
31,1,3.66479049405879,0.225140712945591,0.0125078173858662,0.0250156347717323,96.072545340838
31,2,3.90488110137672,0.237797246558198,0.0125156445556946,0.0250312891113892,95.819774718398
31,5,3.90195097548774,0.325162581290645,0.0250125062531266,0.0125062531265633,95.7353676838419
31,7,4.24628450106157,0.38716123392032,0.0249781441238916,0.0124890720619458,95.3290870488323
31,6,3.783243850668,0.312148832563366,0.0124859533025346,0.0374578599076039,95.8546635035585
32,3,30.4625,0.4125,0,0.0625,69.0625
32,4,3.82787090317738,0.112584438328747,0.0250187640730548,0,96.0345258944208
32,1,4.525,0.1125,0.0125,0.025,95.325
32,2,3.97549693711714,0.125015626953369,0.0125015626953369,0.0125015626953369,95.8744843105388
32,5,4.54148471615721,0.0873362445414847,0.0124766063630692,0.0249532127261385,95.3337492202121
32,7,4.27232979387883,0.137414116177389,0.0249843847595253,0,95.5652717051843
32,6,4.39340988517224,0.162256615077384,0.0124812780828757,0.0124812780828757,95.4193709435846
33,3,43.1696037995251,0.32495938007749,0.0124984376952881,0.0999875015623047,56.3929508811399
33,4,3.57142857142857,0.112387612387612,0.0124875124875125,0.0124875124875125,96.2912087912088
33,1,3.50899100899101,0.0999000999000999,0.0124875124875125,0,96.3786213786214
33,5,4.12293853073463,0.0999500249875062,0,0,95.7771114442779
33,2,4.44666500124906,0.0749437921558831,0,0.024981264051961,95.4534099425431
33,7,4.12603150787697,0.137534383595899,0,0.0125031257814454,95.7239309827457
33,6,3.82165605095541,0.112401648557512,0.0249781441238916,0,96.0409641563632
34,3,59.3375,0.3875,0.0125,0.0625,40.2
34,4,2.2,0.075,0.0125,0,97.7125
34,1,2.52436890777306,0.0999750062484379,0.0249937515621095,0,97.3506623344164
34,5,2.2125,0.0375,0.025,0.0125,97.7125
34,2,2.28721409823772,0.0624921884764404,0.0124984376952881,0.0124984376952881,97.6252968378953
34,7,2.21167062351618,0.087467199800075,0.0249906285143071,0,97.6758715481694
34,6,2.57403473697363,0.112457828314382,0.112457828314382,0.0124953142571536,97.1885542921405
35,3,45.856767904012,0.512435945506812,0.0249968753905762,0.0624921884764404,53.5433070866142
35,1,4.1,0.075,0,0.0125,95.8125
35,4,3.93848462115529,0.237559389847462,0,0.0125031257814454,95.8114528632158
35,5,4.22288855572214,0.174912543728136,0.0249875062468766,0,95.5772113943029
35,2,3.9480259870065,0.187406296851574,0,0,95.8645677161419
35,7,4.24946881639795,0.112485939257593,0,0.0124984376952881,95.6255468066492
35,6,4.19685236072945,0.224831376467649,0.024981264051961,0.0124906320259805,95.540844366725
36,3,35.1719824890557,0.26266416510319,0.0625390869293308,0.0375234521575985,64.4652908067542
36,1,2.98899449724862,0.0500250125062531,0.0125062531265633,0,96.9484742371186
36,4,2.40180135101326,0.100075056292219,0.0250187640730548,0.0250187640730548,97.4480860645484
36,5,2.91031726205346,0.112415688233825,0.0124906320259805,0.0124906320259805,96.9522857856607
36,2,3.26764779246695,0.074831628835121,0.0249438762783737,0.0124719381391868,96.6201047642804
36,7,3.09497067265693,0.124797204542618,0,0,96.7802321228005
36,6,3.24594257178527,0.0873907615480649,0.0124843945068664,0.0124843945068664,96.6416978776529
37,3,28.2693029658366,1.30146414716556,0.0125140783381304,0.187711175071956,70.2290076335878
37,1,4.58302028549962,0.288004007012271,0.0250438266967193,0,95.1039318807914
37,4,4.82922557237583,0.337795571124734,0,0,94.8329788564994
37,5,4.31088341871798,0.312382856428839,0.0249906285143071,0.0124953142571536,95.3392477820817
37,2,4.66016991504248,0.299850074962519,0.0124937531234383,0.0124937531234383,95.0149925037481
37,7,5.78005755035656,0.38783935943951,0.0250218941573877,0.0250218941573877,93.7820593018891
37,6,4.975,0.325,0.0125,0.025,94.6625
38,3,24.5035593855377,0.299737729486699,0.0249781441238916,0.0374672161858374,75.1342575246659
38,1,4.93626593351662,0.0999750062484379,0.0124968757810547,0,94.9512621844539
38,4,4.02298850574713,0.0999500249875062,0,0.0124937531234383,95.8645677161419
38,5,4.49718925671455,0.124921923797626,0.0124921923797626,0,95.3653966271081
38,2,4.27927927927928,0.1001001001001,0,0,95.6206206206206
38,7,4.41525953721076,0.137585991244528,0.0250156347717323,0,95.422138836773
38,6,4.29838810446083,0.0999625140572285,0.0124953142571536,0,95.5891540672248
39,3,41.4594527052355,0.399850056228914,0.0499812570286143,0.0374859427714607,58.0532300387355
39,1,4.23485321673954,0.0999375390381012,0.0499687695190506,0.0124921923797626,95.6027482823235
39,4,3.63341241103758,0.0874016731177425,0.0124859533025346,0,96.2666999625421
39,5,3.87596899224806,0.0750187546886722,0,0,96.0490122530633
39,2,3.68703912010999,0.0624921884764404,0.0249968753905762,0,96.225471816023
39,7,3.98600524803199,0.124953142571536,0.0249906285143071,0.0124953142571536,95.851555666625
39,6,4.1713500686899,0.0874235044336206,0,0,95.7412264268765
40,3,59.8248905565979,0.575359599749844,0.0125078173858662,0.0625390869293308,39.5247029393371
40,1,2.76042967774169,0.0874344241818636,0.0124906320259805,0,97.1396452660505
40,4,2.69898787954517,0.137448456828689,0.0249906285143071,0,97.1385730351118
40,5,3.17380982131701,0.087467199800075,0.0249906285143071,0,96.7137323503686
40,2,2.89674116618804,0.137345486327881,0.0124859533025346,0,96.9534273941815
40,7,3.1496062992126,0.0874890638670166,0,0,96.7629046369204
40,6,2.87320424734541,0.0874453466583385,0.0374765771392879,0,97.001873828857
41,3,46.6358179089545,0.475237618809405,0.0500250125062531,0.0750375187593797,52.7638819409705
41,1,3.58615519180307,0.0749718855429214,0.0249906285143071,0,96.3138822941397
41,4,4.03548225887056,0.0749625187406297,0.0124937531234383,0.0124937531234383,95.8645677161419
41,5,4.0704207766263,0.0624297665126732,0.0124859533025346,0.0124859533025346,95.842177550256
41,2,3.875,0.0875,0.0125,0.0125,96.0125
41,7,4.17447819022622,0.0874890638670166,0.0124984376952881,0,95.7255343082115
41,6,4.17656621232962,0.137551581843191,0.0250093785169439,0.0125046892584719,95.6483681380518
42,3,33.9959989997499,0.275068767191798,0,0.0500125031257814,65.6789197299325
42,1,3.6745406824147,0.0374953130858643,0.0124984376952881,0,96.2754655668041
42,4,3.19108997622325,0.0875985483669128,0.0125140783381304,0,96.7087973970717
42,5,4.53070394408387,0.0998502246630055,0.0124812780828757,0,95.3569645531702
42,2,3.98600524803199,0.0999625140572285,0.0124953142571536,0,95.9015369236536
42,7,3.99800099950025,0.112443778110945,0.0249875062468766,0,95.8645677161419
42,6,4.24204616344354,0.124766063630692,0.0124766063630692,0.0124766063630692,95.6082345601996
43,3,27.2806907771243,1.28895006882743,0.0250281566762608,0.212739331748217,71.1925916656238
43,1,4.77261369315342,0.324837581209395,0.0124937531234383,0.0124937531234383,94.8775612193903
43,4,3.87742338961851,0.312695434646654,0.0125078173858662,0.0125078173858662,95.7848655409631
43,5,5.6935947059558,0.287176925958297,0.0249719066050693,0.0124859533025346,93.9817705081783
43,2,6.0280140070035,0.362681340670335,0.0125062531265633,0.0125062531265633,93.584292146073
43,7,4.55398473664456,0.225197047416489,0.0125109470786939,0.0250218941573877,95.1832853747029
43,6,4.52726363181591,0.225112556278139,0.0125062531265633,0.0125062531265633,95.2226113056528
44,3,28.3554111472132,0.399900024993752,0.0124968757810547,0.0374906273431642,71.1947013246688
44,1,4.02751719824891,0.075046904315197,0,0,95.8974358974359
44,4,4.15155683381268,0.100037514067775,0,0,95.7484056521195
44,5,4.56078970386105,0.162439085342996,0.0124953142571536,0.0124953142571536,95.2517805822816
44,2,4.44944381952256,0.0999875015623047,0.0249968753905762,0,95.4255718035246
44,7,4.29463171036205,0.199750312109863,0,0.0124843945068664,95.4931335830212
44,6,3.97003745318352,0.0998751560549313,0,0.0124843945068664,95.9176029962547
45,3,39.5604395604396,0.374625374625375,0.024975024975025,0.0624375624375624,59.9775224775225
45,1,3.5767883941971,0.125062531265633,0.0250125062531266,0.0125062531265633,96.2606303151576
45,4,3.52455943007124,0.0999875015623047,0.0249968753905762,0.0124984376952881,96.3379577552806
45,5,4.30765388937445,0.0749157198152079,0.0124859533025346,0,95.6049444375078
45,2,3.7856071964018,0.124937531234383,0,0.0124937531234383,96.0769615192404
45,7,3.85767790262172,0.149812734082397,0.0124843945068664,0,95.980024968789
45,6,3.41164708822794,0.124968757810547,0.0124968757810547,0.0124968757810547,96.4383904023994
46,3,52.2076297686054,0.32520325203252,0.387742338961851,0.0625390869293308,47.0168855534709
46,1,2.5974025974026,0.04995004995005,0.024975024975025,0.0124875124875125,97.3151848151848
46,4,2.32383808095952,0.0499750124937531,0.0124937531234383,0,97.6136931534233
46,5,2.72397850805948,0.0749718855429214,0.0124953142571536,0.0124953142571536,97.1760589778833
46,2,2.43719535058118,0.0624921884764404,0.0249968753905762,0,97.4753155855518
46,7,2.44938765308673,0.0624843789052737,0.0374906273431642,0.0249937515621095,97.4256435891027
46,6,2.33808452113028,0.112528132033008,0.0125031257814454,0,97.5368842210553
47,3,51.2121969507623,0.599850037490627,0.0249937515621095,0.0874781304673832,48.0754811297176
47,1,3.50986759930052,0.0499625281039221,0.0124906320259805,0,96.4276792405696
47,4,3.84903774056486,0.0999750062484379,0.0624843789052737,0,95.9885028742814
47,5,3.95360439012223,0.124719381391868,0.0249438762783737,0.0124719381391868,95.8842604140684
47,2,3.74718960779415,0.0749437921558831,0,0,96.17786660005
47,7,3.8875,0.2375,0,0,95.875
47,6,4.13491567770144,0.0624609618988132,0.0249843847595253,0,95.7776389756402
48,3,38.5,0.4875,0.0125,0.0375,60.9625
48,1,2.83608195902049,0.124937531234383,0.0124937531234383,0,97.0264867566217
48,4,2.97648824412206,0.137568784392196,0.0125062531265633,0.0125062531265633,96.8609304652326
48,5,3.16131450705985,0.087467199800075,0.0124953142571536,0,96.7387229788829
48,2,3.47022843590064,0.12482836100362,0,0,96.4049432030957
48,7,3.16289536192024,0.16252031503938,0.0125015626953369,0.0125015626953369,96.6495811976497
48,6,3.43835958989747,0.112528132033008,0,0,96.4491122780695
49,3,26.7282256051909,1.17294734215124,0.0124781632143748,0.212128774644372,71.8742201147991
49,1,3.73609896288892,0.262401599400225,0.0249906285143071,0.0124953142571536,95.9640134949394
49,4,5.09617786660005,0.262303272545591,0.0124906320259805,0.0124906320259805,94.6165375968024
49,2,4.7136784196049,0.287571892973243,0.0125031257814454,0,94.9862465616404
49,5,3.96497811131957,0.26266416510319,0.0250156347717323,0.0125078173858662,95.7348342714196
49,7,4.76309538692337,0.312539067383423,0.0250031253906738,0.0125015626953369,94.8868608576072
49,6,3.975,0.3125,0.025,0.0125,95.675
50,3,31.1258278145695,0.437335999000375,0.0124953142571536,0.087467199800075,68.3368736723729
50,1,3.47369736348869,0.124953142571536,0,0,96.4013494939398
50,4,3.44870673497438,0.149943771085843,0.0124953142571536,0.0124953142571536,96.3763588654255
50,2,3.53794224278035,0.150018752344043,0.0125015626953369,0.0125015626953369,96.2870358794849
50,5,3.8961038961039,0.124875124875125,0,0,95.979020979021
50,7,4.31142214446388,0.149962509372657,0.0124968757810547,0.0124968757810547,95.5136215946013
50,6,3.65975518361229,0.0749437921558831,0.0124906320259805,0,96.2528103922058
51,3,48.6496624156039,0.500125031257814,0.0125031257814454,0.125031257814454,50.7126781695424
51,1,3.8875,0.075,0.025,0.0125,96
51,4,4.12190856857357,0.0999250562078441,0.0374718960779415,0.0124906320259805,95.7282038471147
51,2,4.28321678321678,0.112387612387612,0.024975024975025,0,95.5794205794206
51,5,4.7755969496187,0.0750093761720215,0.0125015626953369,0,95.1368921115139
51,7,4.10205102551276,0.100050025012506,0.0250125062531266,0,95.7728864432216
51,6,3.9629953744218,0.0750093761720215,0.0125015626953369,0,95.9494936867108
52,3,61.4615865084322,0.512179887570269,0,0.0624609618988132,37.9637726420987
52,1,2.83679080229943,0.112471882029493,0.0249937515621095,0,97.025743564109
52,4,2.44816387709218,0.0999250562078441,0.024981264051961,0,97.426929802648
52,2,3.13593203398301,0.0999500249875062,0,0.0124937531234383,96.751624187906
52,5,2.7972027972028,0.0749250749250749,0.0124875124875125,0,97.1153846153846
52,7,2.7,0.275,0.075,0.0125,96.9375
52,6,2.99475917144996,0.0748689792862491,0.0124781632143748,0,96.9178936860494
53,3,60.3057260994863,0.551309359729357,0.100238065405338,0.0626487908783361,38.9800776845007
53,1,2.3488255872064,0.0749625187406297,0,0,97.576211894053
53,4,2.83679080229943,0.0499875031242189,0,0,97.1132216945764
53,2,2.78680329917521,0.112471882029493,0.0249937515621095,0,97.0757310672332
53,5,2.70911360799001,0.0499375780274657,0.0249687890137328,0.0249687890137328,97.1910112359551
53,7,2.78436758646523,0.124859533025346,0.0124859533025346,0,97.0782869272069
53,6,2.79615528648109,0.074897016602172,0.012482836100362,0,97.1164648608164
54,3,46.0914085914086,0.424575424575425,0.0124875124875125,0.0624375624375624,53.4090909090909
54,4,3.03522358231326,0.0999250562078441,0.0124906320259805,0,96.8523607294529
54,1,3.40085021255314,0.0875218804701175,0.0125031257814454,0,96.4991247811953
54,2,3.12187812187812,0.112387612387612,0.024975024975025,0,96.7407592407592
54,5,3.3349987509368,0.149887584311766,0.0124906320259805,0,96.5026230327255
54,7,3.66433216608304,0.150075037518759,0,0.0125062531265633,96.1730865432716
54,6,3.52235823132651,0.124906320259805,0.0124906320259805,0.0124906320259805,96.3277541843617
55,3,33.6582927134108,1.24984376952881,0.0249968753905762,0.237470316210474,64.8293963254593
55,4,3.78135529764133,0.27455384999376,0.0374391613627855,0.0249594409085236,95.8816922500936
55,1,3.6875,0.275,0.0125,0.0125,96.0125
55,2,3.54015511633725,0.275206404803603,0,0.0125093820365274,96.1721290968226
55,5,4.09437024091874,0.274622394207964,0,0.012482836100362,95.6185245287729
55,7,3.96349087271818,0.337584396099025,0.0125031257814454,0.0125031257814454,95.6739184796199
55,6,3.77688844422211,0.250125062531266,0.0125062531265633,0.0125062531265633,95.9479739869935
56,3,22.7016885553471,0.26266416510319,0.0250156347717323,0.0250156347717323,76.9856160100063
56,4,3.31208598925134,0.0874890638670166,0.0124984376952881,0,96.5879265091863
56,1,3.59865050606023,0.0999625140572285,0.0124953142571536,0,96.2888916656254
56,2,3.73796724590574,0.0875109388673584,0.0250031253906738,0,96.1495186898362
56,5,3.85719635501186,0.087379852702534,0,0,96.0554237922856
56,7,3.85240775484678,0.137585991244528,0.0125078173858662,0.0125078173858662,95.984990619137
56,6,3.62047440699126,0.124843945068664,0.0124843945068664,0.0124843945068664,96.2297128589263
57,3,41.4335664335664,0.337162837162837,0.0124875124875125,0.04995004995005,58.1668331668332
57,4,2.89891290765963,0.0999625140572285,0.0249906285143071,0,96.9761339497688
57,1,3.04923769057736,0.112471882029493,0.0124968757810547,0.0124968757810547,96.813296675831
57,2,3.45904095904096,0.0624375624375624,0,0,96.4785214785215
57,5,3.06135199300262,0.0999625140572285,0.0124953142571536,0.0249906285143071,96.8011995501687
57,7,3.42457192850894,0.0874890638670166,0.0124984376952881,0,96.4754405699288
57,6,3.74953130858643,0.0749906261717285,0.0124984376952881,0,96.1629796275466
58,3,52.7684039495063,0.399950006249219,0.0124984376952881,0.0749906261717285,46.7441569803775
58,4,4.21972534332085,0.112359550561798,0.0124843945068664,0.0249687890137328,95.6304619225968
58,1,3.95,0.1125,0.025,0.0125,95.9
58,2,4.63055416874688,0.124812780828757,0,0.0124812780828757,95.2321517723415
58,5,4.13233458177278,0.0873907615480649,0.0374531835205993,0.0124843945068664,95.7303370786517
58,7,4.67207995003123,0.162398500936914,0.0124921923797626,0,95.1530293566521
58,6,4.36359089772443,0.18754688672168,0.0250062515628907,0.0125031257814454,95.4113528382096
59,3,49.9312757715857,0.337373484943146,0.0374859427714607,0.0749718855429214,49.6188929151568
59,4,3.19960004999375,0.0999875015623047,0.0249968753905762,0,96.6754155730534
59,1,3.59775140537164,0.0874453466583385,0.0124921923797626,0.0124921923797626,96.2898188632105
59,2,3.26290786348294,0.0625078134766846,0.0125015626953369,0,96.662082760345
59,5,3.57276702061212,0.0749531542785759,0.0124921923797626,0,96.3397876327295
59,7,3.02424393901525,0.124968757810547,0.0249937515621095,0,96.8257935516121
59,6,2.94926268432892,0.124968757810547,0.0124968757810547,0.0124968757810547,96.9007748062984
60,3,38.0487804878049,0.337711069418386,0.0250156347717323,0.0625390869293308,61.5259537210757
60,4,3.14763927054709,0.0874344241818636,0.0124906320259805,0,96.7524356732451
60,1,3.24594257178527,0.0749063670411985,0.0249687890137328,0.0124843945068664,96.6416978776529
60,2,3.3112582781457,0.0749718855429214,0.0124953142571536,0,96.6012745220542
60,5,3.41378016756284,0.0500187570338877,0.0125046892584719,0,96.5236963861448
60,7,3.53529044347283,0.124921923797626,0.0374765771392879,0.0124921923797626,96.2898188632105
60,6,3.27131976526408,0.0624297665126732,0.0249719066050693,0,96.6412785616182
61,3,23.5242621310655,0.462731365682841,0.0125062531265633,0.0375187593796898,75.9629814907454
61,4,3.21089455272364,0.28735632183908,0.0249875062468766,0,96.4767616191904
61,1,3.54866924903161,0.262401599400225,0,0,96.1889291515682
61,2,3.45043130391299,0.287535941992749,0.0125015626953369,0,96.2495311913989
61,5,3.6944583125312,0.237144283574638,0.0124812780828757,0.0124812780828757,96.0434348477284
61,7,3.59243960445613,0.237827012141695,0.0125172111653524,0.0125172111653524,96.1446989610715
61,6,3.21330332583146,0.275068767191798,0.0125031257814454,0,96.4991247811953
62,3,24.3878060969515,0.87456271864068,0.0124937531234383,0.28735632183908,74.4377811094453
62,4,3.48184200673905,0.149756645451142,0.0124797204542618,0.0249594409085236,96.330962186447
62,1,3.3620797400325,0.174978127734033,0,0.0124984376952881,96.4504436945382
62,2,3.59775140537164,0.124921923797626,0.0249843847595253,0,96.2523422860712
62,5,3.73843460865216,0.0875218804701175,0.0125031257814454,0.0125031257814454,96.1490372593148
62,7,3.98949474737369,0.200100050025012,0,0.0125062531265633,95.7978989494747
62,6,3.62409397650587,0.162459385153712,0.0249937515621095,0,96.1884528867783
63,3,33.5250719019632,0.275103163686382,0.0125046892584719,0.0375140677754158,66.1498061773165
63,4,4.30268918073796,0.0875547217010632,0,0.0125078173858662,95.5972482801751
63,1,4.37390652336916,0.0874781304673832,0.0499875031242189,0.0124968757810547,95.4761309672582
63,2,4.29624078930935,0.124890720619458,0.0124890720619458,0.0124890720619458,95.5538903459473
63,5,4.49438202247191,0.0998751560549313,0.0124843945068664,0.0124843945068664,95.3807740324594
63,7,4.62095666291995,0.137379792681404,0.0374672161858374,0.0124890720619458,95.1917072561509
63,6,4.62442194725659,0.0874890638670166,0.0249968753905762,0.0249968753905762,95.2380952380952
64,3,55.6055493063367,0.58742657167854,0.0499937507811524,0.0749906261717285,43.6820397450319
64,4,4.44888777805549,0.199950012496876,0.0249937515621095,0.0124968757810547,95.3136715821045
64,1,4.7309948820372,0.137311197103982,0.012482836100362,0.012482836100362,95.1067282486581
64,2,5.03246753246753,0.187312687312687,0,0.024975024975025,94.7552447552448
64,5,4.7464401698726,0.124906320259805,0.0124906320259805,0.0124906320259805,95.1036722458156
64,7,5.28353734698976,0.199850112415688,0,0.0124906320259805,94.5041219085686
64,6,5.01998001998002,0.224775224775225,0,0,94.7552447552448
65,3,56.5146783260462,0.537164272329794,0.0249843847595253,0.112429731417864,42.8107432854466
65,4,3.10193871169481,0.100062539086929,0.0125078173858662,0,96.7854909318324
65,1,2.89746471837142,0.0874235044336206,0.0124890720619458,0.0124890720619458,96.9901336330711
65,2,3.22298563397876,0.0624609618988132,0.0124921923797626,0.0124921923797626,96.6895690193629
65,5,3.02235543899088,0.0874235044336206,0,0,96.8902210565755
65,7,3.33416583416583,0.14985014985015,0.024975024975025,0.024975024975025,96.466033966034
65,6,3.54911272181955,0.299925018745314,0.0249937515621095,0,96.125968507873
66,3,63.0586766541823,0.274656679151061,0.0124843945068664,0.0749063670411985,36.5792759051186
66,4,2.06172685243034,0.0374859427714607,0.0124953142571536,0,97.888291890541
66,1,2.33545647558386,0.0374672161858374,0.0124890720619458,0,97.6145872361683
66,2,2.47407222291641,0.0624765712857678,0.0124953142571536,0.0124953142571536,97.4384605772835
66,5,2.48625687156422,0.0749625187406297,0.0124937531234383,0,97.4262868565717
66,7,2.17636022514071,0.075046904315197,0.0125078173858662,0.0125078173858662,97.7235772357724
66,6,2.28521478521479,0.04995004995005,0.0124875124875125,0,97.6523476523477
67,3,31.9645531702446,0.836245631552671,0,0.0499251123315027,67.1492760858712
67,4,3.83558220889555,0.274862568715642,0.0124937531234383,0.0249875062468766,95.8520739630185
67,1,3.86774797255147,0.237055520898316,0.049906425452277,0,95.8452900810979
67,2,3.89951256092988,0.26246719160105,0,0,95.8380202474691
67,5,4.225,0.2875,0.025,0,95.4625
67,7,4.08596776208922,0.312382856428839,0.0124953142571536,0,95.5891540672248
67,6,4.15834165834166,0.237262737262737,0.0124875124875125,0.024975024975025,95.5669330669331
68,3,25.5098210934568,0.775678718879019,0.0125109470786939,0.237707994495183,73.4642812460903
68,4,3.2967032967033,0.162337662337662,0.0124875124875125,0,96.5284715284715
68,1,3.08981736302227,0.062546910182637,0.0125093820365274,0.0125093820365274,96.822616962722
68,2,3.50043755469434,0.100012501562695,0.0250031253906738,0.0125015626953369,96.362045255657
68,5,3.73516552154903,0.0749531542785759,0.0249843847595253,0.0124921923797626,96.1524047470331
68,7,3.54059802327036,0.137620417865632,0.0125109470786939,0.0250218941573877,96.2842487176279
68,6,3.49519410810136,0.087379852702534,0.024965672200724,0.012482836100362,96.379977530895
69,3,35.3426713356678,0.362681340670335,0.0250125062531266,0.0500250125062531,64.2196098049024
69,4,3.97698849424712,0.125062531265633,0.0125062531265633,0,95.8854427213607
69,1,4.16041979010495,0.112443778110945,0.0124937531234383,0.0124937531234383,95.7021489255372
69,2,4.62766620930523,0.137208432081826,0.0124734938256206,0.0124734938256206,95.2101783709617
69,5,4.63634091477131,0.124968757810547,0,0.0124968757810547,95.2261934516371
69,7,5.06376594148537,0.112528132033008,0.0250062515628907,0.0250062515628907,94.7736934233558
69,6,4.90122530632658,0.16254063515879,0.0125031257814454,0.0125031257814454,94.9112278069517
