moment,node,user,system,iowait,softirq,idle
1,3,0.14986886474335,0.0499562882477832,0.0124890720619458,0,99.7876857749469
1,5,0.0999625140572285,0.0374859427714607,0.0124953142571536,0,99.8500562289142
1,2,0.162418790604698,0.0374812593703148,0.0374812593703148,0,99.7626186906547
1,4,0.0499750124937531,0.0249875062468766,0.0249875062468766,0,99.9000499750125
1,7,0.124859533025346,0.0499438132101386,0,0,99.8251966537645
1,1,0.14985014985015,0.024975024975025,0.024975024975025,0,99.8001998001998
1,6,0.137362637362637,0.0124875124875125,0.024975024975025,0,99.8251748251748
2,3,0.04995004995005,0.0124875124875125,0.0124875124875125,0,99.9250749250749
2,5,0.0374672161858374,0,0.0249781441238916,0,99.9375546396903
2,2,0.0999000999000999,0.024975024975025,0.0124875124875125,0,99.8626373626374
2,4,3.0128766095762,0.85010626328291,0,0.0250031253906738,96.1120140017502
2,7,0.0499812570286143,0.0999625140572285,0.0124953142571536,0,99.837560914657
2,1,0.062445360309729,0.112401648557512,0,0.0124890720619458,99.8126639190708
2,6,0.199925028114457,0.249906285143071,0.0124953142571536,0.0124953142571536,99.5251780582282
3,3,3.66295786973372,0.85010626328291,0,0.0500062507813477,95.436929616202
3,2,3.62817465282122,0.87576629550857,0.112598523708245,0.0375328412360816,95.3459276867259
3,5,3.63704536932883,0.799900012498438,0,0.0249968753905762,95.5380577427822
3,4,12.3291107487771,0.8277938040888,0.150507964379782,0.0501693214599273,86.6424181612944
3,7,3.72406898275431,0.837290677330667,0,0.0499875031242189,95.3886528367908
3,1,3.66387395273227,0.825309491059147,0.250093785169439,0.0125046892584719,95.2482180817807
3,6,3.77925165811538,0.875985483669128,0.125140783381304,0.0125140783381304,95.2071079964961
4,3,21.1896378269618,1.65995975855131,0.100603621730382,0.0125754527162978,77.0372233400402
4,2,22.9631486588117,1.96791175733266,0.0250689395838556,0.062672348959639,74.9811982953121
4,4,31.9557844491898,2.32382866474061,0.276347192563748,0.100489888204999,65.3435498053008
4,5,20.6792831181852,1.64180975059531,0.112796089735556,0.062664494297531,77.5034465471864
4,7,22.7666792310592,2.02286719437115,0.201030280185953,0.0502575700464883,74.9591657243372
4,1,23.923685201456,1.79490397891302,0.0125517760763148,0.0753106564578888,74.1935483870968
4,6,21.6572504708098,1.82046453232894,0.0125549278091651,0.0627746390458255,76.4469554300063
5,3,24.0325610519724,15.36631183469,0.0250469630557295,0.112711333750783,60.463368816531
5,2,26.4474177816681,13.6301112917344,0.0125046892584719,0.125046892584719,59.7849193447543
5,4,29.1791791791792,11.524024024024,0.0125125125125125,0.137637637637638,59.1466466466466
5,5,21.1533650237678,16.8001000750563,0.0375281461095822,0.0375281461095822,61.9714786089567
5,7,27.5469336670839,13.6545682102628,0.0125156445556946,0.0750938673341677,58.6983729662078
5,1,23.8220222472191,15.8480189976253,0.0124984376952881,0.124984376952881,60.1924759405074
5,6,26.1928553584811,12.4781413939545,0.0124906320259805,0.0874344241818636,61.2290781913565
6,3,63.7851342910681,36.1773891317926,0,0,0.0374765771392879
6,2,65.8006495128653,34.1743692230827,0,0.0124906320259805,0.0124906320259805
6,4,59.8925805645766,40.0699475393455,0,0.0374718960779415,0
6,5,65.5215490318551,34.4659587757651,0,0.0124921923797626,0
6,7,68.4611541343992,31.5138646015488,0,0.024981264051961,0
6,1,65.7046476761619,34.2453773113443,0,0.0374812593703148,0.0124937531234383
6,6,63.4149387959031,36.522608043967,0,0.0124906320259805,0.0499625281039221
7,3,68.7523417010116,31.2226801548645,0,0.0249781441238916,0
7,4,73.4232546521793,26.5767453478207,0,0,0
7,2,64.50605719995,35.4439865118022,0,0.0249781441238916,0.0249781441238916
7,5,62.2705133008617,37.6670413388285,0,0.062445360309729,0
7,7,67.8031722243037,32.1968277756963,0,0,0
7,1,66.8081918081918,33.1543456543457,0,0.024975024975025,0.0124875124875125
7,6,65.4883837122158,34.4866350237322,0,0.024981264051961,0
8,3,66.7332916926921,33.2417239225484,0,0.0249843847595253,0
8,2,68.7070580886946,31.2929419113054,0,0,0
8,4,76.2178366225331,23.7821633774669,0,0,0
8,5,69.0482138396203,30.9392955283537,0,0.0124906320259805,0
8,7,64.6809042088173,35.2816285749969,0,0.0249781441238916,0.0124890720619458
8,1,66.1086820737039,33.8788257339163,0,0.0124921923797626,0
8,6,66.1671037841888,33.8328962158112,0,0,0
9,3,66.3627279540345,33.6247814139395,0,0.0124906320259805,0
9,2,67.924056957282,32.03847114664,0,0.0374718960779415,0
9,4,66.5875593305021,33.3999500374719,0,0.0124906320259805,0
9,5,68.902210565755,31.0853003621831,0,0,0.0124890720619458
9,7,67.5783689271887,32.3966529286874,0,0.0249781441238916,0
9,1,66.6999750187359,33.2500624531601,0,0.0499625281039221,0
9,6,62.9606495940037,37.0393504059963,0,0,0
10,3,64.3481518481518,35.6268731268731,0,0.024975024975025,0
10,2,66.8789808917197,33.0835518920944,0,0.0374672161858374,0
10,4,73.05770671996,26.929802648014,0,0.0124906320259805,0
10,5,63.9565380292244,36.0434619707756,0,0,0
10,7,65.3802922442863,34.557262395404,0,0.062445360309729,0
10,1,62.7076308230299,37.2424128887224,0,0.0499562882477832,0
10,6,61.9362898188632,38.0387257963773,0,0.0249843847595253,0
11,3,66.1836352279825,33.8038725796377,0,0.0124921923797626,0
11,2,69.198101423932,30.8018985760679,0,0,0
11,4,71.3090182363228,28.6784911316513,0,0.0124906320259805,0
11,5,68.7320424734541,31.2679575265459,0,0,0
11,7,72.2208343742193,27.7791656257807,0,0,0
11,1,68.8733449912566,31.0766924806395,0,0.024981264051961,0.024981264051961
11,6,66.6958041958042,33.2417582417582,0,0.04995004995005,0.0124875124875125
12,3,65.9423004870738,34.0077432246784,0,0.0374672161858374,0.0124890720619458
12,2,66.2128403697227,33.7621783662253,0,0.024981264051961,0
12,4,68.9482887834124,31.0392205845616,0,0.0124906320259805,0
12,5,65.3135148638521,34.6490132400699,0,0.024981264051961,0.0124906320259805
12,7,66.158650843223,33.8288569643973,0,0.0124921923797626,0
12,1,64.8557512176845,35.1192706381916,0,0.0124890720619458,0.0124890720619458
12,6,67.0497127154634,32.9253060204846,0,0.024981264051961,0
13,3,66.4168852254277,33.5706257025103,0,0.0124890720619458,0
13,2,68.3316683316683,31.6183816183816,0,0.04995004995005,0
13,4,64.763927054709,35.223582313265,0,0.0124906320259805,0
13,5,69.3892843761708,30.6107156238292,0,0,0
13,7,71.8121643561883,28.1753465717497,0,0,0.0124890720619458
13,1,67.7157487198701,32.2717622080679,0,0.0124890720619458,0
13,6,70.3884101411265,29.5866117147496,0,0.0249781441238916,0
14,3,69.4978765925556,30.4896327754184,0,0.0124906320259805,0
14,2,64.8594628357277,35.1280449718926,0,0.0124921923797626,0
14,4,73.6355688772324,26.3519420507056,0,0.0124890720619458,0
14,5,71.0181136789507,28.9818863210493,0,0,0
14,7,67.0497127154634,32.9253060204846,0,0.024981264051961,0
14,1,70.6058713304185,29.3941286695815,0,0,0
14,6,67.2454715802623,32.7420362273579,0,0.0124921923797626,0
15,3,68.586060454659,31.401448913315,0,0.0124906320259805,0
15,2,69.2394155114275,30.7356063444486,0,0.0124890720619458,0.0124890720619458
15,4,68.0404645934807,31.9470463344574,0,0,0.0124890720619458
15,5,66.2670163606844,33.7204945672537,0,0.0124890720619458,0
15,7,69.9138254027726,30.0736855251655,0,0.0124890720619458,0
15,1,69.3767953041089,30.6107156238292,0,0.0124890720619458,0
15,6,65.2222777222777,34.7277722277722,0,0.0374625374625375,0.0124875124875125
16,3,63.4603372891943,36.527170518426,0,0,0.0124921923797626
16,2,70.1386286998876,29.8363931559885,0,0.0249781441238916,0
16,4,70.4684572142411,29.5065584009994,0,0.0249843847595253,0
16,5,69.2855358481139,30.7144641518861,0,0,0
16,7,68.4111916062953,31.5513364976268,0,0.0374718960779415,0
16,1,66.7249562827879,33.2500624531601,0,0.024981264051961,0
16,6,66.662503122658,33.31251561329,0,0.024981264051961,0
17,3,66.4085914085914,33.503996003996,0,0.024975024975025,0.0624375624375624
17,2,69.0146122143125,30.9604096415636,0,0.0249781441238916,0
17,4,66.4293742974897,33.5706257025103,0,0,0
17,5,72.0584561578816,27.9290532100924,0,0.0124906320259805,0
17,7,68.6570893191755,31.3429106808245,0,0,0
17,1,70.6220334748938,29.3654758930802,0,0.0124906320259805,0
17,6,68.664918196578,31.3101036592981,0,0.0249781441238916,0
18,3,67.7991506370222,32.2008493629778,0,0,0
18,2,67.9950031230481,32.0049968769519,0,0,0
18,4,68.1488883337497,31.8261304021984,0,0.024981264051961,0
18,5,67.8241319010742,32.1758680989258,0,0,0
18,7,71.3500686898963,28.6374422380417,0,0.0124890720619458,0
18,1,68.573569822633,31.401448913315,0,0.024981264051961,0
18,6,69.6564647095565,30.3435352904435,0,0,0
19,3,67.7906831522418,32.1593605595104,0,0.0249781441238916,0.0249781441238916
19,2,68.1114164376717,31.8636022982763,0,0.024981264051961,0
19,4,70.0549450549451,29.9200799200799,0,0.0124875124875125,0.0124875124875125
19,5,66.8540027475959,33.1085300362183,0,0.0249781441238916,0.0124890720619458
19,7,69.0107419435423,30.9767674244317,0,0.0124906320259805,0
19,1,67.503434494817,32.484076433121,0,0.0124890720619458,0
19,6,68.2902460347196,31.6847758211565,0,0.0249781441238916,0
20,3,65.9630277292031,34.0119910067449,0,0,0.024981264051961
20,2,69.5478391206595,30.4396702473145,0,0.0124906320259805,0
20,4,70.6220334748938,29.3529852610542,0,0.024981264051961,0
20,5,70.4346739945041,29.5528353734699,0,0.0124906320259805,0
20,7,70.7256150867991,29.261895841139,0,0.0124890720619458,0
20,1,67.3329169269207,32.62960649594,0,0.0374765771392879,0
20,6,66.7790683152242,33.1959535406519,0,0.0124890720619458,0.0124890720619458
21,3,67.9405520169851,32.0469589109529,0,0.0124890720619458,0
21,2,70.738104158861,29.261895841139,0,0,0
21,4,68.2238321259056,31.7636772420685,0,0.0124906320259805,0
21,5,69.1856107919061,30.8143892080939,0,0,0
21,7,68.8733449912566,31.1016737446915,0,0.024981264051961,0
21,1,70.2598051461404,29.7401948538596,0,0,0
21,6,66.7999000749438,33.1876092930302,0,0.0124906320259805,0
22,3,66.5334166146159,33.4540911930044,0,0.0124921923797626,0
22,2,65.2010991756183,34.7739195603298,0,0.024981264051961,0
22,4,67.8656175846135,32.0844261271388,0,0.0374672161858374,0.0124890720619458
22,5,69.3018608717372,30.6731609841389,0,0.0249781441238916,0
22,7,66.8331668331668,33.1168831168831,0,0.0374625374625375,0.0124875124875125
22,1,67.8696303696304,32.1053946053946,0,0.0124875124875125,0.0124875124875125
22,6,73.1859622830024,26.7890595728737,0,0.0249781441238916,0
23,3,67.6158361433746,32.3466966404396,0,0.0249781441238916,0.0124890720619458
23,2,72.3707219585311,27.6292780414689,0,0,0
23,4,65.7549644061446,34.2325465217934,0,0.0124890720619458,0
23,5,67.2120909318011,32.7629278041469,0,0.0124906320259805,0.0124906320259805
23,7,70.9093180114914,29.0657007244567,0,0.024981264051961,0
23,1,68.4986260304771,31.4763927054709,0,0.024981264051961,0
23,6,67.4453466583385,32.5546533416615,0,0,0
24,3,67.9280629449232,32.0469589109529,0,0.0249781441238916,0
24,2,67.4534782065693,32.5340327213688,0,0.0124890720619458,0
24,4,66.7166229549145,33.2708879730236,0,0.0124890720619458,0
24,5,69.0856857356982,30.9143142643018,0,0,0
24,7,69.2980264801399,30.6894828878341,0,0.0124906320259805,0
24,1,68.3776695391532,31.5973523167229,0,0.0249781441238916,0
24,6,68.3402023229674,31.6348195329087,0,0.0249781441238916,0
25,3,68.9271887098789,31.0353440739353,0,0.0249781441238916,0.0124890720619458
25,2,65.4758930801899,34.4991256557582,0,0.0124906320259805,0.0124906320259805
25,4,70.2435977514054,29.7439100562149,0,0.0124921923797626,0
25,5,65.9005745690732,34.0744441668748,0,0.0124906320259805,0.0124906320259805
25,7,69.0021231422505,30.9728987136256,0,0.0249781441238916,0
25,1,66.7332916926921,33.2542161149282,0,0.0124921923797626,0
25,6,71.5588308768424,28.4286784911317,0,0.0124906320259805,0
26,3,68.7742096713732,31.1883043858553,0,0.0249906285143071,0.0124953142571536
26,2,66.6416885225428,33.3458224053953,0,0.0124890720619458,0
26,4,69.7439100562149,30.2435977514054,0,0.0124921923797626,0
26,5,67.1496377716713,32.8253809642768,0,0.0124906320259805,0.0124906320259805
26,7,67.2829481574016,32.7045596502186,0,0.0124921923797626,0
26,1,69.0607044716463,30.9143142643018,0,0.024981264051961,0
26,6,71.1502435369052,28.8372673910328,0,0.0124890720619458,0
27,3,68.2153116023479,31.7846883976521,0,0,0
27,2,69.7802197802198,30.1823176823177,0,0.024975024975025,0.0124875124875125
27,4,68.2652678905957,31.7222430373423,0,0.0124890720619458,0
27,5,66.4085914085914,33.5539460539461,0,0.024975024975025,0.0124875124875125
27,7,68.6071205496565,31.3554028732042,0,0.0124921923797626,0.0249843847595253
27,1,69.7227079690232,30.2523107669248,0,0.0124906320259805,0.0124906320259805
27,6,65.5008743442418,34.4491631276543,0,0.0499625281039221,0
28,3,68.1114164376717,31.8511116662503,0,0.0374718960779415,0
28,2,70.9181761399126,29.0318550905684,0,0.0374765771392879,0.0124921923797626
28,4,63.3491508491509,36.6008991008991,0,0.0374625374625375,0.0124875124875125
28,5,67.8241319010742,32.1633774668998,0,0,0.0124906320259805
28,7,68.5400274759585,31.4474834519795,0,0.0124890720619458,0
28,1,64.2473454091193,35.7276702061212,0,0.0124921923797626,0.0124921923797626
28,6,70.738104158861,29.2494067690771,0,0,0.0124890720619458
29,3,68.6898963407019,31.2726364431123,0,0.0249781441238916,0.0124890720619458
29,2,69.0731951036722,30.9143142643018,0,0.0124906320259805,0
29,4,72.2138930534733,27.7736131934033,0,0,0.0124937531234383
29,5,68.1278880979143,31.8596228300237,0,0.0124890720619458,0
29,7,72.8203847114664,27.1671246565076,0,0.0124906320259805,0
29,1,66.5292868739853,33.4457349818908,0,0.0124890720619458,0.0124890720619458
29,6,70.7557776389756,29.2192379762648,0,0.0249843847595253,0
30,3,71.1752216810291,28.812289246909,0,0,0.0124890720619458
30,2,67.3994504121909,32.6005495878091,0,0,0
30,4,69.0146122143125,30.9604096415636,0,0.0124890720619458,0.0124890720619458
30,5,65.2635523357482,34.7364476642518,0,0,0
30,7,70.1261396278257,29.8613713001124,0,0,0.0124890720619458
30,1,62.9199450480829,37.0550768077932,0,0.0124890720619458,0.0124890720619458
30,6,66.7540901711003,33.2209316847758,0,0.0124890720619458,0.0124890720619458
31,3,66.7999000749438,33.1876092930302,0,0.0124906320259805,0
31,2,66.6000499625281,33.362478141394,0,0.024981264051961,0.0124906320259805
31,4,71.5463402448164,28.4286784911317,0,0.0124906320259805,0.0124906320259805
31,5,60.2048463652261,39.7826630027479,0,0.0124906320259805,0
31,7,65.4509118161379,34.4991256557582,0,0.0499625281039221,0
31,1,63.8646015488384,36.1229078191356,0,0.0124906320259805,0
31,6,71.6087934049463,28.3787159630277,0,0.0124906320259805,0
32,3,64.0394703972021,35.9480389707719,0,0,0.0124906320259805
32,2,64.281253902835,35.706257025103,0,0.0124890720619458,0
32,4,68.7023854127638,31.2726364431123,0,0.0249781441238916,0
32,5,55.8540547294764,43.9335249281519,0,0.0124953142571536,0.199925028114457
32,7,62.178366225331,37.796652510617,0,0.0124906320259805,0.0124906320259805
32,1,63.8101186758276,36.1773891317926,0,0.0124921923797626,0
32,6,69.7227079690232,30.2772920309768,0,0,0
33,3,63.4195079305608,36.5680029973773,0,0.0124890720619458,0
33,4,68.3822610868207,31.6052467207995,0,0.0124921923797626,0
33,2,59.6228300237292,40.3646809042088,0,0.0124890720619458,0
33,5,56.6254527288622,43.3495691270139,0,0.0124890720619458,0.0124890720619458
33,7,57.9440419685236,42.0309767674244,0,0.024981264051961,0
33,1,57.5068698476143,42.4681488883338,0,0,0.024981264051961
33,6,67.1246565076193,32.8503622283288,0,0.024981264051961,0
34,3,60.7642357642358,39.2107892107892,0,0.0124875124875125,0.0124875124875125
34,2,62.6358525921299,37.3641474078701,0,0,0
34,4,68.0864351736198,31.8760929303023,0,0.0374718960779415,0
34,5,54.0287320424735,45.8588382261087,0,0,0.112429731417864
34,7,59.672786311977,40.314724615961,0,0.0124890720619458,0
34,1,57.4943792155883,42.4306769922558,0,0.024981264051961,0.0499625281039221
34,6,67.3413293353323,32.6336831584208,0,0.0249875062468766,0
35,3,61.9660254808893,38.0214838870847,0,0.0124906320259805,0
35,2,61.9755244755245,37.9995004995005,0,0.024975024975025,0
35,4,68.4900711877108,31.4849506681654,0,0.0249781441238916,0
35,5,57.4818885835623,42.318261304022,0,0,0.199850112415688
35,7,55.1474262868566,44.84007996002,0,0,0.0124937531234383
35,1,58.5883822610868,41.2991880074953,0,0.0124921923797626,0.0999375390381012
35,6,69.1356482638022,30.8643517361979,0,0,0
36,3,64.4436118396403,35.5438990882977,0,0.0124890720619458,0
36,2,58.0939295528354,41.8561079190607,0,0.024981264051961,0.024981264051961
36,4,72.1368802297989,27.8506306981391,0,0,0.0124890720619458
36,5,56.4451661254059,43.4673994504122,0,0.0124906320259805,0.0749437921558831
36,7,56.0509554140127,43.8741101536156,0,0.0124890720619458,0.062445360309729
36,1,56.3452410691981,43.6297776667499,0,0.0124906320259805,0.0124906320259805
36,6,65.2885335998001,34.6864851361479,0,0.024981264051961,0
37,3,57.8513429106808,42.1486570893192,0,0,0
37,2,59.3554833874594,40.6320259805146,0,0.0124906320259805,0
37,4,71.1841119160629,28.7909068198851,0,0.024981264051961,0
37,5,58.8558581064202,41.1441418935798,0,0,0
37,7,55.7886849007119,44.1613588110403,0,0,0.0499562882477832
37,1,57.1250156113401,42.850006244536,0,0,0.0249781441238916
37,6,62.6530102423183,37.3344991256558,0,0.0124906320259805,0
38,3,57.9118271512427,42.0756837766954,0,0.0124890720619458,0
38,2,59.6103409516673,40.3771699762708,0,0.0124890720619458,0
38,4,66.895690193629,33.0918176139913,0,0.0124921923797626,0
38,5,50.612040969273,49.3255058705971,0,0,0.0624531601299026
38,7,53.82213339995,46.0904321758681,0,0,0.0874344241818636
38,1,57.4569073195104,42.5181114164377,0,0.0124906320259805,0.0124906320259805
38,6,64.7933058573748,35.1942050705633,0,0.0124890720619458,0
39,3,54.3592305770672,45.6032975268549,0,0.0374718960779415,0
39,2,57.8690981763677,42.1309018236323,0,0,0
39,4,67.0163606844011,32.9711502435369,0,0.0124890720619458,0
39,5,60.4096415636318,39.4529786436868,0,0.0124890720619458,0.124890720619458
39,7,53.6713286713287,46.2537462537463,0,0.0124875124875125,0.0624375624375624
39,1,65.3303359560385,34.5073061071562,0,0.0124890720619458,0.14986886474335
39,6,65.1429998751093,34.8320219807668,0,0.0124890720619458,0.0124890720619458
40,3,56.2078441169123,43.7921558830877,0,0,0
40,2,56.5950537097177,43.4049462902823,0,0,0
40,4,67.2704559650219,32.7045596502186,0,0.0249843847595253,0
40,5,59.5303522358231,40.4446665001249,0,0,0.024981264051961
40,7,52.5106170372221,47.464401698726,0,0,0.024981264051961
40,1,63.3853841349157,36.5021861336665,0,0.0124921923797626,0.0999375390381012
40,6,64.3936555513925,35.5938553765455,0,0.0124890720619458,0
41,3,61.1964531035344,38.7910578244036,0,0.0124890720619458,0
41,2,52.9228078940794,46.9023232575568,0,0.0124906320259805,0.162378216337747
41,4,60.5095541401274,39.4654677157487,0,0.0249781441238916,0
41,5,56.8573569822633,43.0801898576068,0,0,0.0624531601299026
41,7,42.7429427929053,52.2483137646765,0,0,5.00874344241819
41,1,54.2525290370925,45.5976020981641,0,0,0.14986886474335
41,6,57.2767020612117,42.7108057464085,0,0.0124921923797626,0
42,3,55.1642312976146,44.7858124141376,0,0,0.0499562882477832
42,2,54.3649306856501,45.5601348819783,0,0,0.0749344323716748
42,4,59.3929552835373,40.6070447164627,0,0,0
42,5,55.5958031476393,44.3167624281789,0,0,0.0874344241818636
42,7,0.0249781441238916,0.0374672161858374,0.112401648557512,0,99.8251529911328
42,1,14.1304347826087,18.1409295352324,0,0,67.7286356821589
42,6,61.4337454727114,38.5038091669789,0,0.0124890720619458,0.0499562882477832
43,3,53.7856071964018,46.0519740129935,0,0,0.162418790604698
43,2,57.6889444097439,42.2735790131168,0,0.0124921923797626,0.0249843847595253
43,4,57.2748844760834,42.6751592356688,0,0.0124890720619458,0.0374672161858374
43,5,29.1281538845866,33.7496877341993,0,0,37.1221583812141
43,7,0.124859533025346,0.0249719066050693,0.0124859533025346,0,99.8376826070671
43,1,0.0249906285143071,0.0249906285143071,0.0249906285143071,0,99.9250281144571
43,6,55.3141001623579,44.6484326214562,0,0.0249781441238916,0.0124890720619458
44,3,19.9500312304809,20.9868831980012,0,0.0124921923797626,59.050593379138
44,2,53.5906082178094,46.3469464218809,0,0,0.062445360309729
44,4,56.2203347489383,43.7421933549838,0,0,0.0374718960779415
44,5,0.0499687695190506,0.0374765771392879,0.0124921923797626,0,99.9000624609619
44,7,0.0499625281039221,0.024981264051961,0,0,99.9250562078441
44,1,0.0749344323716748,0.0124890720619458,0.0124890720619458,0,99.9000874235044
44,6,54.6340244816388,45.3659755183612,0,0,0
45,3,0.0874344241818636,0.024981264051961,0.0124906320259805,0,99.8750936797402
45,2,55.3029356652092,44.684572142411,0,0,0.0124921923797626
45,4,52.2608043967025,47.7267049712715,0,0.0124906320259805,0
45,5,0.062445360309729,0.0249781441238916,0,0,99.9125764955664
45,7,0.0499562882477832,0.0374672161858374,0,0,99.9125764955664
45,1,0.124890720619458,0.0249781441238916,0,0,99.8501311352566
45,6,48.6196127420362,51.3803872579638,0,0,0
46,4,44.0169872595553,55.8206345241069,0,0,0.162378216337747
46,2,46.6341950793056,53.3158486324466,0,0,0.0499562882477832
46,3,0.0374765771392879,0.0124921923797626,0.0124921923797626,0,99.9375390381012
46,5,0.0624531601299026,0.024981264051961,0,0,99.9125655758181
46,7,0.0499687695190506,0.0124921923797626,0.0249843847595253,0,99.9125546533417
46,1,0.0624531601299026,0,0,0,99.9375468398701
46,6,50.3934057699513,49.5566379418009,0,0.0124890720619458,0.0374672161858374
47,2,0.362545318164771,0.975121890236279,0.0125015626953369,0,98.6498312289036
47,4,38.8611388611389,60.6143856143856,0,0.024975024975025,0.4995004995005
47,3,0.0624531601299026,0.024981264051961,0,0,99.9125655758181
47,5,0.0749344323716748,0.0374672161858374,0.0124890720619458,0,99.8751092793805
47,7,0.0749437921558831,0.0499625281039221,0,0,99.8750936797402
47,1,0.0874016731177425,0.0374578599076039,0,0,99.8751404669747
47,6,36.4851361478891,50.2872845365976,0,0,13.2275793155134
48,2,23.5610610610611,10.8358358358358,0,0.0875875875875876,65.5155155155155
48,4,37.8019777193641,30.1789961196645,0,0.137689322818876,31.8813368381525
48,3,21.0901362670334,11.3264158019752,0,0.0250031253906738,67.5584448056007
48,5,23.0653831728966,11.68896112014,0.0250031253906738,0.0375046880860107,65.1831478934867
48,7,21.7027128391049,14.1392674084261,0,0.0500062507813477,64.1080135016877
48,6,24.2253873063468,11.3693153423288,0.0124937531234383,0.087456271864068,64.3053473263368
48,1,20.3576341127923,11.7544079029636,0,0.0250093785169439,67.8629486057271
49,2,66.7124656507619,33.2500624531601,0,0.024981264051961,0.0124906320259805
49,4,71.7782217782218,28.1968031968032,0,0.024975024975025,0
49,3,66.7624281788658,33.2250811891082,0,0.0124906320259805,0
49,5,64.1393954534099,35.7981513864602,0,0.024981264051961,0.0374718960779415
49,7,67.324506620035,32.6005495878091,0,0.0624531601299026,0.0124906320259805
49,6,67.2704559650219,32.7045596502186,0,0.0249843847595253,0
49,1,62.9106808244847,37.0643347907558,0,0.0249843847595253,0
50,2,65.8298988385163,34.1576120894218,0,0.0124890720619458,0
50,4,63.6477201748907,36.31480324797,0,0.0374765771392879,0
50,3,71.3464901324007,28.6410192355733,0,0.0124906320259805,0
50,5,67.3785437741976,32.5964780816785,0,0.0249781441238916,0
50,7,66.6416885225428,33.3333333333333,0,0.0249781441238916,0
50,6,66.6125405945541,33.349987509368,0,0.0374718960779415,0
50,1,67.4575424575425,32.4925074925075,0,0.0374625374625375,0.0124875124875125
51,2,66.2585883822611,33.7164272329794,0,0.0249843847595253,0
51,4,71.2751342575247,28.6873985262895,0,0.0374672161858374,0
51,3,67.6782815036843,32.3092294242538,0,0.0124890720619458,0
51,5,64.9181965779943,35.0443362058199,0,0.0374672161858374,0
51,7,67.6283252154365,32.3217184963157,0,0.0499562882477832,0
51,1,67.6577139287945,32.317301686446,0,0.0249843847595253,0
51,6,68.2777569626577,31.6348195329087,0,0.0874235044336206,0
52,2,67.3160984138878,32.6464343699263,0,0.0374672161858374,0
52,4,69.9350487134649,30.0399700224831,0,0.024981264051961,0
52,3,66.2795054327463,33.6705382790059,0,0.0374672161858374,0.0124890720619458
52,5,67.3744691481389,32.6255308518611,0,0,0
52,7,68.6734948788409,31.2890332250812,0,0.024981264051961,0.0124906320259805
52,6,65.8463460337289,34.1286695815116,0,0.0249843847595253,0
52,1,67.3410765580117,32.6214562258024,0,0.0374672161858374,0
53,2,68.8022979892594,31.1602347945548,0,0.0374672161858374,0
53,4,71.6427232979388,28.3572767020612,0,0,0
53,3,68.2323547782636,31.7426608369769,0,0.0249843847595253,0
53,5,65.5758181363977,34.4116912315763,0,0.0124906320259805,0
53,7,67.5783689271887,32.3966529286874,0,0.0249781441238916,0
53,6,67.949038221334,32.050961778666,0,0,0
53,1,70.3222583062703,29.6652510617037,0,0.0124906320259805,0
54,2,68.2613040219835,31.7137147139645,0,0.024981264051961,0
54,4,66.0172349194455,33.9452978643687,0,0.0374672161858374,0
54,3,66.4793305857375,33.4956912701386,0,0.0249781441238916,0
54,5,66.7624281788658,33.2250811891082,0,0.0124906320259805,0
54,7,65.9505370971771,34.0119910067449,0,0.0374718960779415,0
54,6,66.5167978019233,33.4707131260147,0,0.0124890720619458,0
54,1,65.5301611090296,34.4323716747846,0,0.0374672161858374,0
55,2,64.8763427429428,35.1111666250312,0,0.0124906320259805,0
55,4,70.9467899075693,29.0407194604047,0,0.0124906320259805,0
55,3,69.4728953285036,30.5021234074444,0,0.024981264051961,0
55,5,67.1162732608967,32.8587485949794,0,0,0.0249781441238916
55,7,67.6742443167624,32.3007744191856,0,0.024981264051961,0
55,6,63.7317347321094,36.2432871237667,0,0.0249781441238916,0
55,1,68.0449718925671,31.9425359150531,0,0.0124921923797626,0
56,2,66.6916448107906,33.2833770450856,0,0.0124890720619458,0.0124890720619458
56,4,70.0262270513301,29.9737729486699,0,0,0
56,3,65.7881588808394,34.1868598551087,0,0.024981264051961,0
56,5,66.6666666666667,33.2958661171475,0,0.0374672161858374,0
56,7,66.5667540901711,33.420756837767,0,0.0124890720619458,0
56,6,66.9497876592556,33.0377217087185,0,0.0124906320259805,0
56,1,64.968152866242,35.0068689896341,0,0.0249781441238916,0
57,2,66.8873344991257,33.0751936047964,0,0.0374718960779415,0
57,4,69.0357232075943,30.9392955283537,0,0.024981264051961,0
57,3,68.9271887098789,31.0603222180592,0,0.0124890720619458,0
57,5,67.3744691481389,32.6005495878091,0,0.024981264051961,0
57,7,67.8531285125515,32.1343824153865,0,0.0124890720619458,0
57,6,67.291120269764,32.6963906581741,0,0.0124890720619458,0
57,1,66.8081918081918,33.1543456543457,0,0.0374625374625375,0
58,2,66.5043087298614,33.4582240539528,0,0.0374672161858374,0
58,4,64.9512865350987,35.0487134649013,0,0,0
58,3,68.598551086685,31.388958281289,0,0,0.0124906320259805
58,5,68.7273635568877,31.2476582989884,0,0.0249781441238916,0
58,7,68.3112665500874,31.6637521858606,0,0.024981264051961,0
58,6,66.6208619612742,33.3791380387258,0,0,0
58,1,67.7826358525921,32.2048719550281,0,0.0124921923797626,0
59,2,66.3127654259306,33.6747439420435,0,0.0124906320259805,0
59,4,71.146640019985,28.828378715963,0,0.024981264051961,0
59,3,67.7781940801798,32.1843387036343,0,0.0374672161858374,0
59,5,66.4376717461904,33.5498376217837,0,0.0124906320259805,0
59,7,69.1856107919061,30.8018985760679,0,0.0124906320259805,0
59,6,65.892344198826,34.0701885849881,0,0.0374672161858374,0
59,1,68.4486635023732,31.5513364976268,0,0,0
60,2,65.3802922442863,34.6072186836518,0,0.0124890720619458,0
60,4,64.5685025602598,35.4065192956163,0,0.0124890720619458,0.0124890720619458
60,3,67.0497127154634,32.9128153884587,0,0.024981264051961,0.0124906320259805
60,5,63.9895078690982,36.0104921309018,0,0,0
60,7,65.4845154845155,34.478021978022,0,0.024975024975025,0.0124875124875125
60,1,65.5426501810915,34.4073935306607,0,0.0499562882477832,0
60,6,64.4186336955164,35.5189209441738,0,0.0499562882477832,0.0124890720619458
61,2,62.827879090682,37.1471396452661,0,0.024981264051961,0
61,4,65.9298114150119,34.0327213688023,0,0.0374672161858374,0
61,3,65.2760429677742,34.7114664001999,0,0.0124906320259805,0
61,5,67.6367724206845,32.3382463152636,0,0.024981264051961,0
61,7,66.4626530102423,33.5248563577317,0,0.0124906320259805,0
61,6,66.0712054965646,33.9163023110556,0,0.0124921923797626,0
61,1,68.3027351067816,31.6847758211565,0,0.0124890720619458,0
62,2,65.1217988757027,34.840724547158,0,0.0374765771392879,0
62,4,67.8116412690482,32.1758680989258,0,0.0124906320259805,0
62,3,64.9512865350987,35.0362228328753,0,0.0124906320259805,0
62,5,65.0680654427376,34.9069564131385,0,0.0249781441238916,0
62,7,67.1412514050206,32.8337704508555,0,0.0249781441238916,0
62,6,63.8111888111888,36.1388611388611,0,0.0374625374625375,0.0124875124875125
62,1,63.5273544841369,36.4476642518111,0,0.024981264051961,0
63,2,64.2982017982018,35.6768231768232,0,0.024975024975025,0
63,4,67.8865850612041,32.075943042718,0,0.0374718960779415,0
63,3,64.9887584311766,34.9362977766675,0,0.024981264051961,0.0499625281039221
63,5,66.5167978019233,33.4582240539528,0,0.0249781441238916,0
63,7,66.000499625281,33.999500374719,0,0,0
63,6,65.375968023982,34.611541343992,0,0.0124906320259805,0
63,1,64.5310353440739,35.4314974397402,0,0.0374672161858374,0
64,2,67.420362273579,32.5546533416615,0,0.0249843847595253,0
64,4,65.6050955414013,34.3699263144748,0,0.0249781441238916,0
64,3,67.3910328462595,32.5839890096166,0,0.0249781441238916,0
64,5,66.4834478450968,33.5040599625234,0,0.0124921923797626,0
64,7,64.8263802148389,35.1486385211092,0,0.024981264051961,0
64,6,67.0912951167728,32.8712376670413,0,0.0124890720619458,0.0249781441238916
64,1,67.0622033474894,32.9128153884587,0,0.024981264051961,0
65,2,63.5693767953041,36.4181341326339,0,0.0124890720619458,0
65,4,67.4244316762428,32.5630776917312,0,0.0124906320259805,0
65,3,68.7273635568877,31.2601473710503,0,0.0124890720619458,0
65,5,66.7124656507619,33.2250811891082,0,0.024981264051961,0.0374718960779415
65,7,65.205445235419,34.782065692519,0,0.0124890720619458,0
65,6,66.6999750187359,33.3000249812641,0,0,0
65,1,65.3260054958781,34.6739945041219,0,0,0
66,2,62.2455351567379,37.7294866991383,0,0.0124890720619458,0.0124890720619458
66,4,68.3987009742693,31.5763177616787,0,0.024981264051961,0
66,3,62.5530851861104,37.4219335498376,0,0.0124906320259805,0.0124906320259805
66,5,57.9742725115524,41.9882602722618,0,0,0.0374672161858374
66,7,54.6714963777167,45.3285036222833,0,0,0
66,6,62.4125874125874,37.5749250749251,0,0,0.0124875124875125
66,1,64.980641938304,35.0068689896341,0,0.0124890720619458,0
67,2,62.2705133008617,37.7169976270763,0,0.0124890720619458,0
67,4,65.1929561633571,34.794554764581,0,0.0124890720619458,0
67,3,59.1181613789658,40.8693479890082,0,0.0124906320259805,0
67,5,53.7539038101187,46.1711430356027,0,0,0.0749531542785759
67,7,52.3857107169623,47.5518361229078,0,0.0124906320259805,0.0499625281039221
67,6,55.9135756213313,44.0739353066067,0,0.0124890720619458,0
67,1,61.9410442168374,38.0339745191107,0,0.024981264051961,0
68,2,65.0468457214241,34.9156777014366,0,0.0249843847595253,0.0124921923797626
68,4,67.5243567324507,32.4756432675493,0,0,0
68,3,60.6594230048707,39.3280879230673,0,0,0.0124890720619458
68,5,53.0793254216115,46.8582136164897,0,0.0124921923797626,0.0499687695190506
68,7,53.7414116177389,46.1461586508432,0,0,0.112429731417864
68,6,52.5171767645222,47.4828232354778,0,0,0
68,1,62.3454477332334,37.6420631947046,0,0.0124890720619458,0
69,2,63.369551642313,36.6179592856251,0,0.0124890720619458,0
69,4,68.3987009742693,31.6012990257307,0,0,0
69,3,58.5487698264019,41.4387411015362,0,0.0124890720619458,0
69,5,55.1155527795128,44.7845096814491,0,0,0.0999375390381012
69,7,49.0257307019735,50.7119660254809,0,0.0124906320259805,0.24981264051961
69,6,53.1476392705471,46.7524356732451,0,0.0124906320259805,0.0874344241818636
69,1,61.4539095678241,38.5460904321759,0,0,0
70,2,66.3877092180864,33.5998001498876,0,0.0124906320259805,0
70,4,56.3257149993755,43.6742850006245,0,0,0
70,3,59.8051461403947,40.1948538596053,0,0,0
70,5,50.8305232921194,48.9571624828275,0,0,0.212314225053079
70,7,51.9985011241569,47.9640269797652,0,0,0.0374718960779415
70,6,49.3255058705971,50.624531601299,0,0,0.0499625281039221
70,1,65.2510617037222,34.7364476642518,0,0.0124906320259805,0
71,2,63.3820407143749,36.5929811415012,0,0.0249781441238916,0
71,4,58.9183112665501,41.0816887334499,0,0,0
71,3,62.6779915063702,37.3095178616038,0,0.0124906320259805,0
71,5,53.9902585237917,45.9472961158986,0,0.0249781441238916,0.0374672161858374
71,7,45.6157881588808,54.1343992005996,0,0.0124906320259805,0.23732200849363
71,6,46.6899825131152,53.3100174868848,0,0,0
71,1,63.1572374172599,36.8427625827401,0,0,0
72,2,61.4414189357982,38.5585810642018,0,0,0
72,4,52.3107669248064,47.6892330751936,0,0,0
72,3,58.8683487384462,41.0941793654759,0,0.0374718960779415,0
72,5,56.8039950062422,43.0212234706617,0,0.0124843945068664,0.162297128589263
72,7,21.625,23.925,0,0,54.45
72,6,45.9780164876343,54.0219835123657,0,0,0
72,1,58.3239665292869,41.6635443986512,0,0.0124890720619458,0
73,2,59.8051461403947,40.1698725955533,0,0.024981264051961,0
73,4,50.3684276258274,49.5191707256151,0,0.0124890720619458,0.0999125764955664
73,3,52.4475524475524,47.49000999001,0,0.0124875124875125,0.04995004995005
73,5,52.8787311102785,47.0713126014737,0,0,0.0499562882477832
73,7,0.0749250749250749,0.024975024975025,0.024975024975025,0,99.8751248751249
73,1,58.2885696439725,41.6989381636477,0,0.0124921923797626,0
73,6,43.7890527368158,56.0734816295926,0,0.0124968757810547,0.124968757810547
74,2,57.7244910703135,42.2755089296865,0,0,0
74,4,48.5946283572767,51.2304809494066,0,0.0124921923797626,0.162398500936914
74,3,53.4790755777639,46.5084322298563,0,0.0124921923797626,0
74,5,33.9160839160839,42.957042957043,0,0,23.1268731268731
74,1,59.7302023482388,40.2448163877092,0,0.024981264051961,0
74,7,0.0749625187406297,0.0124937531234383,0,0,99.9125437281359
74,6,2.42409096588779,3.37373484943146,0,0,94.2021741846807
75,2,45.6282787909068,54.3342493130152,0,0.0124906320259805,0.024981264051961
75,4,45.230961298377,54.2821473158552,0,0,0.48689138576779
75,3,56.6021236727046,43.2604622111181,0,0,0.137414116177389
75,5,0.0499812570286143,0.0124953142571536,0.0124953142571536,0,99.9250281144571
75,1,48.5385960529603,51.4614039470397,0,0,0
75,7,0.0499625281039221,0.0499625281039221,0,0,99.9000749437922
75,6,0.04995004995005,0.0374625374625375,0.0124875124875125,0,99.9000999000999
76,2,50.9240759240759,48.8761238761239,0,0.024975024975025,0.174825174825175
76,4,17.9285357321339,23.5507246376812,0,0,58.5207396301849
76,3,46.9007748062984,37.0407398150462,0,0,16.0584853786553
76,5,0.0749437921558831,0.0124906320259805,0,0,99.9125655758181
76,1,40.0824381713715,59.6802398201349,0,0,0.23732200849363
76,7,0.062445360309729,0.0124890720619458,0,0,99.9250655676283
76,6,0.0374906273431642,0.0249937515621095,0,0,99.9375156210947
77,2,34.8944673410766,40.1773448232796,0,0.0499562882477832,24.878231547396
77,4,6.17114303560275,3.06058713304185,0.0124921923797626,0.0374765771392879,90.7183010618364
77,3,7.46623311655828,4.23961980990495,0.0125062531265633,0.0375187593796898,88.2441220610305
77,5,7.06338292286536,2.68783597949744,0,0.0250031253906738,90.2237779722465
77,1,27.6375,33.9375,0,0.025,38.4
77,6,5.19139354515887,3.56517388041031,0,0,91.2434325744308
77,7,4.92315381731851,3.61114582031738,0.0124953142571536,0.0374859427714607,91.4157191053355
78,2,65.6632525605796,34.2992755433425,0,0.0374718960779415,0
78,4,66.9997501873595,32.9627779165626,0,0.0374718960779415,0
78,3,66.2877841618786,33.6747439420435,0,0.0374718960779415,0
78,5,63.5568877232422,36.405645060572,0,0.0374672161858374,0
78,1,64.8263802148389,35.1486385211092,0,0.024981264051961,0
78,6,65.0387209592805,34.9238071446415,0,0.0374718960779415,0
78,7,60.7093792931185,39.2281753465718,0,0.0374672161858374,0.0249781441238916
79,2,63.6272795403447,36.3102672995254,0,0.0624531601299026,0
79,4,67.978019233171,31.9720244785812,0,0.0499562882477832,0
79,3,65.1679780192332,34.794554764581,0,0.0374672161858374,0
79,5,64.9887584311766,34.9862603047714,0,0.024981264051961,0
79,1,63.7646764926305,36.2228328753435,0,0.0124906320259805,0
79,6,63.5069314349944,36.4181341326339,0,0.062445360309729,0.0124890720619458
79,7,64.1064068939678,35.8811040339703,0,0.0124890720619458,0
80,2,64.8557512176845,35.0818034220057,0,0.062445360309729,0
80,4,63.6772420684487,36.2852860354734,0,0.0374718960779415,0
80,3,64.9138146390207,35.0487134649013,0,0.0374718960779415,0
80,5,67.4868848363727,32.4881338995753,0,0.024981264051961,0
80,1,65.7674534782066,34.1950793056076,0,0.0374672161858374,0
80,6,63.6727045596502,36.2273579013117,0,0.0499687695190506,0.0499687695190506
80,7,66.7749188108918,33.1376467649263,0,0.0874344241818636,0
81,2,64.4891331501374,35.4858855858106,0,0.024981264051961,0
81,4,66.7790683152242,33.18346446859,0,0.0374672161858374,0
81,3,66.1421256400649,33.8204071437492,0,0.0374672161858374,0
81,5,65.1386460154884,34.8363727204597,0,0.024981264051961,0
81,1,65.2010991756183,34.7739195603298,0,0.024981264051961,0
81,6,64.3267549337996,35.6482638021484,0,0.024981264051961,0
81,7,65.4883837122158,34.4991256557582,0,0.0124906320259805,0
82,2,63.3774668998251,36.6100424681489,0,0.0124906320259805,0
82,4,64.3892080939296,35.5483387459405,0,0.0499625281039221,0.0124906320259805
82,3,64.1313850380917,35.8561258898464,0,0.0124890720619458,0
82,5,64.3222985633979,35.6652092442224,0,0,0.0124921923797626
82,1,63.4149387959031,36.547589308019,0,0.0374718960779415,0
82,6,65.0387209592805,34.9362977766675,0,0.0124906320259805,0.0124906320259805
82,7,65.6132900324756,34.3617287034724,0,0.024981264051961,0
83,2,64.5435244161359,35.4065192956163,0,0.0499562882477832,0
83,4,67.6117911566325,32.3507369472895,0,0.0374718960779415,0
83,3,65.1717676452217,34.8282323547783,0,0,0
83,5,64.1518860854359,35.8231326505121,0,0.024981264051961,0
83,1,66.0172349194455,33.9328087923067,0,0.0499562882477832,0
83,6,62.4281788658506,37.5468398700974,0,0.024981264051961,0
83,7,63.0323466966404,36.9426751592357,0,0.0249781441238916,0
84,4,64.6184588485076,35.3440739353066,0,0.0374672161858374,0
84,2,66.1628778416188,33.7996502623033,0,0.0374718960779415,0
84,3,64.293742974897,35.6812788809791,0,0.0249781441238916,0
84,5,67.0288497564631,32.946172099413,0,0.0249781441238916,0
84,1,65.7299862620207,34.2325465217934,0,0.0374672161858374,0
84,6,62.0629370629371,37.8871128871129,0,0.024975024975025,0.024975024975025
84,7,66.662503122658,33.31251561329,0,0.024981264051961,0
85,2,69.2768827276133,30.6731609841389,0,0.0499562882477832,0
85,4,66.4876342742943,33.4873844616538,0,0.024981264051961,0
85,3,66.8707058088695,33.0918176139913,0,0.0374765771392879,0
85,5,64.126904821384,35.8481139145641,0,0.024981264051961,0
85,1,64.101923557332,35.8606045465901,0,0.0374718960779415,0
85,6,61.524047470331,38.4509681449094,0,0.0124921923797626,0.0124921923797626
85,7,64.4891331501374,35.5108668498626,0,0,0
86,2,65.6632525605796,34.3242568073945,0,0.0124906320259805,0
86,4,62.9324341201449,37.0550768077932,0,0.0124890720619458,0
86,3,64.1813413263394,35.7936805295367,0,0.0249781441238916,0
86,5,65.3802922442863,34.6072186836518,0,0.0124890720619458,0
86,1,62.6951417509679,37.2174347445985,0,0.0499562882477832,0.0374672161858374
86,6,62.2580242287998,37.7169976270763,0,0.0249781441238916,0
86,7,63.7442238041713,36.180841763457,0,0.0499562882477832,0.0249781441238916
87,2,64.9512865350987,34.9737696727454,0,0.0749437921558831,0
87,4,65.6757431926056,34.3242568073945,0,0,0
87,3,64.6390207344492,35.3484886335249,0,0.0124906320259805,0
87,5,64.1313850380917,35.8436368177844,0,0.0124890720619458,0.0124890720619458
87,1,64.2892830377217,35.6607544341744,0,0.0499625281039221,0
87,6,65.7007244566575,34.2992755433425,0,0,0
87,7,63.1151636272795,36.8598551086685,0,0.024981264051961,0
88,2,64.5435244161359,35.4439865118022,0,0.0124890720619458,0
88,4,65.9505370971771,34.0369722707969,0,0.0124906320259805,0
88,3,65.1554889471712,34.782065692519,0,0.0374672161858374,0.0249781441238916
88,5,63.0152385710717,36.9847614289283,0,0,0
88,1,64.1438741101536,35.8061696015986,0,0.0499562882477832,0
88,6,60.7517482517483,39.1858141858142,0,0.0374625374625375,0.024975024975025
88,7,62.7904071946041,37.19710217337,0,0.0124906320259805,0
89,2,61.8411191606295,38.1338995753185,0,0.024981264051961,0
89,4,64.9762677991506,35.0112415688234,0,0.0124906320259805,0
