moment,node,user,system,iowait,softirq,idle
1,2,0.112443778110945,0.0374812593703148,0.0249875062468766,0,99.8250874562719
1,5,0.137345486327881,0.0499438132101386,0.0124859533025346,0.0124859533025346,99.7877387938569
1,4,0.112401648557512,0.0249781441238916,0.0249781441238916,0,99.8376420631947
1,1,0.112415688233825,0.0374718960779415,0.024981264051961,0,99.8251311516363
1,7,0.199775252840554,0.0374578599076039,0,0,99.7627668872518
1,6,0.24975024975025,0.024975024975025,0.0374625374625375,0.0124875124875125,99.6753246753247
1,3,0.212287712287712,0.0374625374625375,0.024975024975025,0,99.7252747252747
2,2,0.0999000999000999,0.0374625374625375,0,0,99.8626373626374
2,5,0.124890720619458,0.112401648557512,0,0.0124890720619458,99.7502185587611
2,4,0.124906320259805,0.024981264051961,0,0,99.8501124156882
2,1,0.112401648557512,0.0249781441238916,0,0,99.8626202073186
2,7,4.29018136335209,1.02564102564103,0.100062539086929,0.0250156347717323,94.5590994371482
2,6,0.249875062468766,0.424787606196902,0,0.0749625187406297,99.2503748125937
2,3,0.224859462835728,0.262336039975016,0.124921923797626,0.0249843847595253,99.3628981886321
3,2,11.699338244475,1.32351105006867,0.237233112748158,0.0249719066050693,86.7149456861031
3,5,11.9503945885006,1.52824752599273,0.0125266190655142,0.0626330953275711,86.4461981711136
3,4,11.531238262176,1.35219732064605,0,0.05008138224615,87.0664830349318
3,1,10.6053026513257,1.40070035017509,0.325162581290645,0.0250125062531266,87.6438219109555
3,7,16.9,1.45,0.025,0.025,81.6
3,6,11.2543815723585,1.61492238357536,0.600901352028042,0.0500751126690035,86.4797195793691
3,3,11.0429447852761,1.4022787028922,0.025040691123075,0.025040691123075,87.5046951295856
4,2,16.9591376284783,1.50413637503134,0.0250689395838556,0.0752068187515668,81.4364502381549
4,5,24.1526487572182,2.09640974140095,0,0.0878734622144113,73.6630680391665
4,4,16.7688649730947,1.32649230384182,0.0250281566762608,0.100112626705043,81.7795019396821
4,1,17.8719137736558,1.55407945857877,0.0751973931570372,0.0877302920165434,80.4110790825918
4,7,17.8406105342174,1.72651069685975,0.0125109470786939,0.0500437883147754,80.3703240335293
4,6,17.4708610101516,1.45381626770272,0.0751973931570372,0.112796089735556,80.887329239253
4,3,16.8630892678034,1.4543630892678,0.0125376128385155,0.0877632898696088,81.5822467402207
5,5,50.7628814407204,34.6423211605803,0,0.0625312656328164,14.5322661330665
5,4,54.8318539817477,29.4661832729091,0,0.0500062507813477,15.6519564945618
5,2,51.3732833957553,35.1061173533084,0,0.0499375780274657,13.4706616729089
5,7,52.8962842487176,32.5785061929188,0,0.0625547353934693,14.4626548229701
5,1,51.2858926342072,34.294631710362,0,0.0374531835205993,14.3820224719101
5,3,54.5568196024503,30.8913614201775,0,0.0250031253906738,14.5268158519815
5,6,52.1510755377689,33.1540770385193,0,0.0625312656328164,14.632316158079
6,5,62.1736414740787,37.7763897564022,0,0.0499687695190506,0
6,4,61.2915313514864,38.6834873844617,0,0.0124906320259805,0.0124906320259805
6,2,63.5852592129919,36.3397876327295,0,0.0249843847595253,0.0499687695190506
6,7,64.0689396777819,35.9060821780942,0,0.0249781441238916,0
6,1,60.7794154384212,39.1831126655009,0,0.0124906320259805,0.024981264051961
6,3,66.2378216337747,33.7371971021734,0,0.024981264051961,0
6,6,63.8101186758276,36.1524047470331,0,0.0249843847595253,0.0124921923797626
7,5,63.6147889083188,36.3602298276293,0,0,0.024981264051961
7,4,66.7707292707293,33.1918081918082,0,0.0124875124875125,0.024975024975025
7,2,65.9547895591358,34.0452104408642,0,0,0
7,7,61.7037222083437,38.2837871596303,0,0.0124906320259805,0
7,1,62.685821361649,37.2891942535915,0,0.0249843847595253,0
7,3,69.4642188085425,30.4858249032097,0,0.0499562882477832,0
7,6,66.4376717461904,33.5623282538096,0,0,0
8,5,66.1546147121269,33.8328962158112,0,0.0124890720619458,0
8,4,63.5898076442668,36.3852110916812,0,0.024981264051961,0
8,2,62.7279540344741,37.2720459655259,0,0,0
8,7,63.8521109168124,36.1229078191356,0,0.024981264051961,0
8,1,65.2597402597403,34.7027972027972,0,0.024975024975025,0.0124875124875125
8,3,64.1643767174619,35.8231326505121,0,0.0124906320259805,0
8,6,65.3303359560385,34.6446858998376,0,0.0249781441238916,0
9,5,67.291120269764,32.6464343699263,0,0.062445360309729,0
9,4,68.8022979892594,31.1602347945548,0,0.0374672161858374,0
9,2,63.2821281378794,36.6179592856251,0,0.0749344323716748,0.0249781441238916
9,7,63.8895828128903,36.0729452910317,0,0.0374718960779415,0
9,1,66.0047458473835,33.9452978643687,0,0.0499562882477832,0
9,3,65.400949288034,34.5116162877842,0,0.0749437921558831,0.0124906320259805
9,6,66.3252560579565,33.6747439420435,0,0,0
10,5,56.789506558401,43.1855090568395,0,0.0249843847595253,0
10,4,66.8082448469706,33.1542785758901,0,0.0374765771392879,0
10,2,67.7616787409443,32.2258306270297,0,0.0124906320259805,0
10,7,65.1348651348651,34.8026973026973,0,0.0374625374625375,0.024975024975025
10,1,64.3722673329169,35.577763897564,0,0.0374765771392879,0.0124921923797626
10,3,66.0172349194455,33.9328087923067,0,0.0499562882477832,0
10,6,66.5417759460472,33.3832896215811,0,0.0749344323716748,0
11,5,63.8396202847864,36.1478890831876,0,0.0124906320259805,0
11,4,64.6228771228771,35.3396603396603,0,0.0124875124875125,0.024975024975025
11,2,66.025480889333,33.974519110667,0,0,0
11,7,64.5934807043837,35.3815411514924,0,0.0249781441238916,0
11,1,63.5989010989011,36.3636363636364,0,0.0124875124875125,0.024975024975025
11,3,67.0372220834374,32.9502872845366,0,0,0.0124906320259805
11,6,63.6897327004746,36.2852860354734,0,0.0124906320259805,0.0124906320259805
12,5,65.6800299737729,34.3074809541651,0,0.0124890720619458,0
12,4,65.363477391956,34.636522608044,0,0,0
12,2,64.6390207344492,35.3609792655508,0,0,0
12,7,64.1688522542775,35.7811914574747,0,0.0499562882477832,0
12,1,67.7201748906933,32.2798251093067,0,0,0
12,3,63.6988011988012,36.2887112887113,0,0,0.0124875124875125
12,6,68.4986260304771,31.4888833374969,0,0.0124906320259805,0
13,5,66.371018113679,33.628981886321,0,0,0
13,4,64.3187211190209,35.6438116647933,0,0.0249781441238916,0.0124890720619458
13,2,63.144748345198,36.8427625827401,0,0,0.0124890720619458
13,7,66.8790604697651,33.0709645177411,0,0.0499750124937531,0
13,1,65.1929561633571,34.782065692519,0,0.0249781441238916,0
13,3,66.8998251311516,33.0751936047964,0,0.024981264051961,0
13,6,65.6800299737729,34.2700137379793,0,0.0499562882477832,0
14,5,63.8396202847864,36.1353984511616,0,0.024981264051961,0
14,4,64.763927054709,35.223582313265,0,0.0124906320259805,0
14,2,66.1171474959411,33.8578743599351,0,0.0249781441238916,0
14,7,63.3320844261271,36.642937429749,0,0.0249781441238916,0
14,1,65.9088069956277,34.0662086196127,0,0.0249843847595253,0
14,3,66.7624281788658,33.2000999250562,0,0.0374718960779415,0
14,6,69.5853110167374,30.4021983512366,0,0.0124906320259805,0
15,5,65.0805545147995,34.9069564131385,0,0.0124890720619458,0
15,4,62.4656507619286,37.4843867099675,0,0.024981264051961,0.024981264051961
15,2,69.0981763677242,30.8268798401199,0,0.0124906320259805,0.0624531601299026
15,7,68.1488883337497,31.8511116662503,0,0,0
15,1,68.0489632775418,31.9010741943542,0,0.0499625281039221,0
15,3,67.0288497564631,32.946172099413,0,0.0249781441238916,0
15,6,64.1983016983017,35.7517482517483,0,0.024975024975025,0.024975024975025
16,5,64.1608391608392,35.8141858141858,0,0.0124875124875125,0.0124875124875125
16,4,63.5648263802148,36.4351736197852,0,0,0
16,2,64.3767174619036,35.6232825380964,0,0,0
16,7,63.9145640769423,36.0729452910317,0,0,0.0124906320259805
16,1,69.5603297526855,30.4271796152885,0,0.0124906320259805,0
16,3,65.3678031722243,34.6197077557137,0,0.0124890720619458,0
16,6,62.3579368052954,37.6295741226427,0,0.0124890720619458,0
17,5,62.3407444416687,37.6467649263053,0,0.0124906320259805,0
17,4,61.1589858873486,38.8160359685275,0,0.0124890720619458,0.0124890720619458
17,2,58.8286713286713,41.1213786213786,0,0.0124875124875125,0.0374625374625375
17,7,51.2926189584114,48.6699138254028,0,0.0374672161858374,0
17,1,65.2928687398526,34.6821531160235,0,0.0249781441238916,0
17,3,63.2854465958776,36.7020612117427,0,0.0124921923797626,0
17,6,63.9020734449163,36.0979265550837,0,0,0
18,5,61.5961034095167,38.3914075184214,0,0.0124890720619458,0
18,4,61.1589858873486,38.8285250405895,0,0.0124890720619458,0
18,2,55.6457656757432,44.3542343242568,0,0,0
18,7,37.2517176764522,62.5858838226109,0.0249843847595253,0,0.137414116177389
18,1,63.8475952529669,36.1524047470331,0,0,0
18,3,60.279790157382,39.6952285785661,0,0.024981264051961,0
18,6,57.0072445665751,42.980264801399,0,0.0124906320259805,0
19,5,49.843847595253,50.1436602123673,0,0,0.0124921923797626
19,4,58.286499313101,41.713500686899,0,0,0
19,2,53.8096427679241,46.152885335998,0,0.0374718960779415,0
19,7,27.3238380809595,36.3318340829585,0,0,36.344327836082
19,1,58.6060454659006,41.3814639020734,0,0.0124906320259805,0
19,3,55.9565434565435,44.030969030969,0,0.0124875124875125,0
19,6,51.2679575265459,48.7070580886946,0,0,0.0249843847595253
20,5,51.1238761238761,48.464035964036,0,0.0124875124875125,0.3996003996004
20,4,53.7414116177389,46.2585883822611,0,0,0
20,1,60.1773226773227,39.8101898101898,0,0.0124875124875125,0
20,2,26.4452490947684,33.162691971532,0,0.0124859533025346,40.3795729803971
20,7,0.187312687312687,0.0374625374625375,0.0124875124875125,0,99.7627372627373
20,3,45.3148425787106,54.647676161919,0,0.0124937531234383,0.0249875062468766
20,6,43.0748095416511,56.6504308729861,0,0.0249781441238916,0.249781441238916
21,5,29.8026480139895,34.3367474394204,0.0124906320259805,0,35.8481139145641
21,4,40.6644186336955,54.140127388535,0,0,5.19545397776945
21,1,53.7904333708005,46.2095666291995,0,0,0
21,2,0.149831439630416,0.0374578599076039,0.0124859533025346,0,99.8002247471594
21,7,0.149887584311766,0.0374718960779415,0,0,99.8126405196103
21,3,38.2837871596303,46.5775668248813,0,0,15.1386460154884
21,6,14.1267658457307,18.9148643580448,0.0125015626953369,0,66.9458682335292
22,4,0.0749812546863284,0.0249937515621095,0.0124968757810547,0,99.8875281179705
22,5,0.0874453466583385,0.0249843847595253,0,0,99.8875702685821
22,1,50.8368723457407,49.1131651261554,0,0,0.0499625281039221
22,2,0.0999125764955664,0.0374672161858374,0,0,99.8626202073186
22,3,0.0999375390381012,0.0374765771392879,0.0124921923797626,0,99.8500936914429
22,7,0.124937531234383,0.0624687656171914,0,0,99.8125937031484
22,6,0.137362637362637,0.0374625374625375,0.0124875124875125,0,99.8126873126873
23,4,50.6322774508576,20.4081632653061,0,0.025040691123075,28.9345185927132
23,5,48.3605535469393,22.4161575863359,0,0.0748036404438349,29.148485226281
23,1,48.5132433783108,25.39980009995,0,0.0499750124937531,26.0369815092454
23,7,43.7921558830877,27.7791656257807,0,0.0624531601299026,28.3662253310017
23,3,48.0264801398951,23.070197351986,0,0.0874344241818636,28.815888083937
23,2,44.7664251811142,26.1054209342993,0,0.0499625281039221,29.0781913564826
23,6,46.4450830938398,23.0663501187055,0,0.0499812570286143,30.4385855304261
24,4,65.2678905957287,34.7196203322093,0,0.0124890720619458,0
24,5,66.0547021356313,33.9203197202448,0,0.0249781441238916,0
24,1,64.7889083187609,35.2110916812391,0,0,0
24,7,62.3829149494193,37.5796178343949,0,0.0374672161858374,0
24,3,67.1412514050206,32.8337704508555,0,0.0249781441238916,0
24,2,65.0512115913065,34.9238071446415,0,0.024981264051961,0
24,6,64.9094316052467,35.0281074328545,0,0.0374765771392879,0.0249843847595253
25,4,62.3907069697727,37.5718211341494,0,0.0374718960779415,0
25,5,63.1072811290121,36.855251654802,0,0.0374672161858374,0
25,1,66.7499375468399,33.2000999250562,0,0.0499625281039221,0
25,7,60.5822088955522,39.4052973513243,0,0.0124937531234383,0
25,3,66.129636568003,33.8453852878731,0,0.0249781441238916,0
25,2,63.3445734981891,36.6179592856251,0,0.0374672161858374,0
25,6,62.0332209316848,37.9168227800674,0,0.0374672161858374,0.0124890720619458
26,4,65.1511366475144,34.8238820884337,0,0.024981264051961,0
26,5,62.6233603997502,37.3766396002498,0,0,0
26,1,67.6408142874984,32.3466966404396,0,0.0124890720619458,0
26,7,65.1473526473526,34.8151848151848,0,0.024975024975025,0.0124875124875125
26,3,63.0980637101811,36.8769519050593,0,0.0249843847595253,0
26,2,60.4921309018236,39.4828878341244,0,0.024981264051961,0
26,6,63.2821281378794,36.6928937179968,0,0.0124890720619458,0.0124890720619458
27,4,62.2580242287998,37.7294866991383,0,0.0124890720619458,0
27,5,64.4061446234545,35.5688772324216,0,0.0249781441238916,0
27,1,62.3032725455908,37.6717461903572,0,0.024981264051961,0
27,7,62.5655758181364,37.3719710217337,0,0.0374718960779415,0.024981264051961
27,3,63.0073685525165,36.9551642312976,0,0.0374672161858374,0
27,2,63.2025980514614,36.7724206844866,0,0.024981264051961,0
27,6,63.8895828128903,36.0604546590057,0,0.024981264051961,0.024981264051961
28,4,61.7382617382617,38.1868131868132,0,0.0624375624375624,0.0124875124875125
28,5,62.203347489383,37.796652510617,0,0,0
28,1,63.9520359730202,36.0104921309018,0,0.0374718960779415,0
28,7,62.3688155922039,37.5562218890555,0,0.0374812593703148,0.0374812593703148
28,3,64.8888333749688,35.0986759930052,0,0.0124906320259805,0
28,2,65.2510617037222,34.7239570322258,0,0.024981264051961,0
28,6,59.2356687898089,40.7518421381291,0,0.0124890720619458,0
29,4,60.0124921923798,39.9625234228607,0,0.0249843847595253,0
29,5,61.2040969273045,38.7584311766175,0,0.0374718960779415,0
29,1,58.7537462537463,41.2212787212787,0,0.024975024975025,0
29,7,61.0666999750187,38.9208093929553,0,0.0124906320259805,0
29,3,57.3997751967029,42.5752466591732,0,0.0249781441238916,0
29,2,63.831647308605,36.1308854752092,0,0.0249781441238916,0.0124890720619458
29,6,66.5001249063203,33.4499125655758,0,0.024981264051961,0.024981264051961
30,4,61.0965405270388,38.8784813288373,0,0.0249781441238916,0
30,5,52.2102897102897,47.7772227772228,0,0.0124875124875125,0
30,1,48.5011241568823,51.4863852110917,0,0.0124906320259805,0
30,7,49.6627529352985,50.2373220084936,0,0.0374718960779415,0.0624531601299026
30,3,47.2704559650219,52.6670830730793,0,0.0124921923797626,0.0499687695190506
30,6,65.6257806645016,34.3492380714464,0,0.024981264051961,0
30,2,57.7139287945034,42.2735790131168,0,0.0124921923797626,0
31,4,57.1000374672162,42.8749843886599,0,0.0249781441238916,0
31,1,40.6394404895716,59.1232671412514,0,0,0.23729236917697
31,5,27.8700811992505,45.4965646470956,0,0,26.633354153654
31,7,49.5503372470647,50.2373220084936,0,0.0124906320259805,0.199850112415688
31,3,50.4120879120879,49.3381618381618,0,0.024975024975025,0.224775224775225
31,2,56.8252778818534,43.1622330460847,0,0.0124890720619458,0
31,6,64.5016237821634,35.4733949537847,0,0.0124906320259805,0.0124906320259805
32,4,52.3607294529103,47.6392705470897,0,0,0
32,5,0.149925037481259,0.0249875062468766,0.0124937531234383,0,99.8125937031484
32,1,19.8126171143036,27.8825733916302,0,0,52.3048094940662
32,7,32.9793878825734,34.4909431605247,0.0124921923797626,0.0124921923797626,32.5046845721424
32,2,47.2145890582063,52.7729203097677,0,0,0.0124906320259805
32,3,9.22827172827173,12.2502497502498,0,0,78.5214785214785
32,6,59.3406593406593,40.6468531468531,0,0,0.0124875124875125
33,5,0.124984376952881,0.0374953130858643,0.0124984376952881,0,99.825021872266
33,4,39.5279130760584,50.1311352566504,0.0124890720619458,0,10.3284625952292
33,1,0.137379792681404,0.0374672161858374,0.0124890720619458,0,99.8126639190708
33,7,0.0999625140572285,0.0249906285143071,0,0,99.8750468574285
33,2,17.5368473644766,18.8108918311267,0,0.024981264051961,63.6272795403447
33,6,57.3891317926296,42.6108682073704,0,0,0
33,3,0.0999375390381012,0.0374765771392879,0.0249843847595253,0,99.8376014990631
34,5,0.162337662337662,0.0374625374625375,0,0,99.8001998001998
34,4,0.0874781304673832,0.0499875031242189,0.0124968757810547,0,99.8500374906273
34,1,0.0999375390381012,0.0499687695190506,0.0124921923797626,0,99.8376014990631
34,7,0.149887584311766,0.0874344241818636,0,0,99.7626779915064
34,2,0.112387612387612,0.0374625374625375,0.0124875124875125,0,99.8376623376623
34,6,45.2241228617805,54.4887002122612,0,0.0499438132101386,0.237233112748158
34,3,0.0999000999000999,0.04995004995005,0,0,99.8501498501498
35,5,47.3815773028371,26.509186351706,0,0.0499937507811524,26.0592425946757
35,4,46.3838838838839,27.5775775775776,0,0.025025025025025,26.0135135135135
35,1,43.604796402698,29.5778166375219,0,0.0374718960779415,26.7799150637022
35,7,42.2947131608549,30.5336832895888,0,0.0499937507811524,27.1216097987752
35,3,48.2008995502249,27.0989505247376,0,0.0374812593703148,24.6626686656672
35,2,47.7695864050981,26.1027114831938,0,0.0124953142571536,26.115206797451
35,6,51.023976023976,31.8181818181818,0,0.04995004995005,17.1078921078921
36,5,66.9039590358436,33.0585737479705,0,0.0374672161858374,0
36,4,65.9587757651468,34.0287320424735,0,0.0124921923797626,0
36,1,63.9690271012864,36.0059947545897,0,0.0249781441238916,0
36,7,61.0666999750187,38.9083187609293,0,0.024981264051961,0
36,3,61.6662503122658,38.3087684236822,0,0.024981264051961,0
36,2,62.827879090682,37.159630277292,0,0.0124906320259805,0
36,6,64.684572142411,35.2904434728295,0,0.0249843847595253,0
37,5,63.8975640224859,36.0774515927545,0,0.0124921923797626,0.0124921923797626
37,4,64.8182840014987,35.1442487823155,0,0.0374672161858374,0
37,1,62.6030477142143,37.3719710217337,0,0.024981264051961,0
37,7,63.0402198351237,36.8973270047464,0,0.0624531601299026,0
37,3,66.7707682698314,33.2292317301686,0,0,0
37,2,63.6272795403447,36.3602298276293,0,0.0124906320259805,0
37,6,63.6193330835519,36.3307106282003,0,0.0499562882477832,0
38,5,63.9565380292244,36.0059947545897,0,0.0374672161858374,0
38,4,65.2760429677742,34.6989757681739,0,0.024981264051961,0
38,1,63.4819532908705,36.4930685650056,0,0.0249781441238916,0
38,7,58.8859747720744,41.1015361558636,0,0.0124890720619458,0
38,3,63.2775418436173,36.6974768923308,0,0.024981264051961,0
38,2,61.1215186711627,38.8535031847134,0,0.0249781441238916,0
38,6,63.3774668998251,36.6225331001749,0,0,0
39,5,64.0474703310431,35.9400374765771,0,0.0124921923797626,0
39,4,63.0244755244755,36.9130869130869,0,0.04995004995005,0.0124875124875125
39,1,62.5905570821884,37.3719710217337,0,0.0374718960779415,0
39,7,61.0791906070447,38.8708468648514,0,0.0499625281039221,0
39,3,63.2946172099413,36.6554265018109,0,0.0499562882477832,0
39,2,62.7279540344741,37.2220834374219,0,0.0499625281039221,0
39,6,64.5326344689879,35.4548858105578,0,0.0124797204542618,0
40,5,61.566325256058,38.433674743942,0,0,0
40,4,60.9542842867849,39.0332250811891,0,0,0.0124906320259805
40,1,60.2922807894079,39.6827379465401,0,0.024981264051961,0
40,7,60.5795653260055,39.4204346739945,0,0,0
40,3,60.7718246534282,39.2156862745098,0,0.0124890720619458,0
40,2,62.8400299475917,37.1225355627652,0,0.0249563264287497,0.0124781632143748
40,6,62.5655758181364,37.3969522857857,0,0.0374718960779415,0
41,5,59.910078681154,40.0774322467841,0,0.0124890720619458,0
41,4,53.1292941911305,46.8582136164897,0,0.0124921923797626,0
41,1,45.039980009995,54.8600699650175,0,0.0124937531234383,0.087456271864068
41,7,55.7387286124641,44.2113150992881,0,0.0499562882477832,0
41,3,51.7176764522174,48.2698313554029,0,0.0124921923797626,0
41,2,60.4996876951905,39.4878201124297,0,0.0124921923797626,0
41,6,58.1813639770172,41.8186360229828,0,0,0
42,5,51.3864601548838,48.6135398451162,0,0,0
42,4,55.3141001623579,44.6734107655801,0,0.0124890720619458,0
42,1,22.5733916302311,38.1011867582761,0,0.0124921923797626,39.3129294191131
42,7,46.0404696477642,53.872095928054,0,0.024981264051961,0.0624531601299026
42,3,46.953046953047,48.7512487512488,0,0.024975024975025,4.27072927072927
42,2,62.3907069697727,37.5968023982013,0,0.0124906320259805,0
42,6,57.9368052953666,42.0507056325715,0,0,0.0124890720619458
43,5,41.5688233824632,58.2937796652511,0,0,0.137396952285786
43,4,46.4968152866242,53.3907830648183,0,0,0.112401648557512
43,1,0.0874344241818636,0.0624531601299026,0.0124906320259805,0,99.8376217836623
43,7,11.4846288427893,21.5821044738815,0,0,66.9332666833292
43,3,0.112485939257593,0.0374953130858643,0.0124984376952881,0,99.8375203099612
43,2,33.6747439420435,41.668748438671,0,0.0124906320259805,24.6440169872596
43,6,37.7747252747253,50.1123876123876,0,0,12.1128871128871
44,5,48.98112264033,35.1293911738967,0,0.0625078134766846,15.8269783722965
44,4,42.930302273295,26.2053459905071,0,0.0999250562078441,30.76442667999
44,7,38.9555222388806,28.6731634182909,0.0124937531234383,0.0374812593703148,32.3213393303348
44,1,40.960240060015,27.4443610902726,0,0.0125031257814454,31.582895723931
44,3,42.7054708968274,25.1186610042468,0,0.0624531601299026,32.1134149387959
44,2,43.9785348808187,24.7348059403469,0.0124797204542618,0.0374391613627855,31.2367402970173
44,6,41.4938795903073,27.6542593055209,0,0.0499625281039221,30.8018985760679
45,5,60.014985014985,39.9475524475524,0,0.0374625374625375,0
45,4,61.7911566325256,38.1963527354484,0,0.0124906320259805,0
45,7,60.242318261304,39.732700474644,0,0.024981264051961,0
45,1,61.2290781913565,38.7459405445916,0,0.024981264051961,0
45,3,59.1658341658342,40.7842157842158,0,0.024975024975025,0.024975024975025
45,2,62.6655008743442,37.3344991256558,0,0,0
45,6,62.5952291744723,37.3797926814038,0,0.0249781441238916,0
46,5,58.5384134915678,41.3991255465334,0,0.0624609618988132,0
46,4,59.5377888819488,40.4497189256715,0,0.0124921923797626,0
46,7,61.5788158880839,38.3837122158381,0,0.0374718960779415,0
46,1,63.7442238041713,36.2432871237667,0,0.0124890720619458,0
46,3,58.4061953534849,41.5563327504372,0,0.0374718960779415,0
46,2,59.5853628075434,40.3896590483327,0,0.0249781441238916,0
46,6,58.8808393704721,41.0691981014239,0,0.0499625281039221,0
47,5,59.4304271796153,40.5321009243068,0,0.024981264051961,0.0124906320259805
47,4,60.2647352647353,39.6728271728272,0,0.04995004995005,0.0124875124875125
47,7,57.7744473585613,42.163107281129,0,0.062445360309729,0
47,1,60.4871955028107,39.4878201124297,0,0.0249843847595253,0
47,3,59.040959040959,40.8966033966034,0,0.04995004995005,0.0124875124875125
47,2,60.4921309018236,39.4953784661504,0,0.0124906320259805,0
47,6,59.7052210841869,40.2697976517612,0,0.024981264051961,0
48,5,57.4622205570126,42.5128012988635,0,0.0249781441238916,0
48,4,60.0799400449663,39.8825880589558,0,0.0374718960779415,0
48,7,57.082188358731,42.8678491131651,0,0.0499625281039221,0
48,1,59.1408591408591,40.8466533466533,0,0,0.0124875124875125
48,3,58.9234419882603,41.0266017234919,0,0.0499562882477832,0
48,2,59.8101661046584,40.1523666791557,0,0.0249781441238916,0.0124890720619458
48,6,60.8543592305771,39.133150137397,0,0.0124906320259805,0
49,5,53.7279880104908,46.2345447733233,0,0.0374672161858374,0
49,4,58.2937796652511,41.693729702723,0,0,0.0124906320259805
49,7,51.9795179218184,47.9955039340577,0,0.0249781441238916,0
49,1,46.0337289194254,53.8288569643973,0,0.0124921923797626,0.124921923797626
49,3,53.0918176139913,46.8831980012492,0,0.0249843847595253,0
49,2,58.7559330502123,41.2190856857357,0,0.024981264051961,0
49,6,54.0094928803397,45.8531101673745,0,0.0124906320259805,0.124906320259805
50,5,46.546771574872,53.4407393530661,0,0.0124890720619458,0
50,4,51.9545397776945,48.0329711502435,0,0.0124890720619458,0
50,7,47.3145141144142,52.6854858855858,0,0,0
50,1,9.97624703087886,11.8389798724841,0.0125015626953369,0,78.1722715339417
50,3,44.9775112443778,37.9060469765117,0,0.0249875062468766,17.0914542728636
50,2,50.1686024728363,49.7939303109779,0,0.0374672161858374,0
50,6,31.8846009741476,34.3449481703509,0,0.0249781441238916,33.7454727113775
51,5,39.9725103086343,59.9275271773085,0,0,0.0999625140572285
51,4,16.0729908761405,23.7595300587427,0,0,60.1674790651169
51,7,21.4535464535465,39.9225774225774,0.024975024975025,0.024975024975025,38.5739260739261
51,1,0.14986886474335,0.0249781441238916,0,0,99.8251529911328
51,3,0.14986886474335,0.0499562882477832,0.0124890720619458,0,99.7876857749469
51,6,0.112542203326247,0.0250093785169439,0.0125046892584719,0,99.8499437288983
51,2,42.6108682073704,57.2517176764522,0,0,0.137414116177389
52,5,46.0817397825272,38.2827146606674,0,0.0124984376952881,15.6230471191101
52,4,33.841730216277,21.3651706463308,0.0125015626953369,0.0375046880860107,44.7430928866108
52,7,31.5263552335748,23.8820884336747,0,0.0374718960779415,44.5540844366725
52,1,31.876638781371,23.5734798351854,0,0.0249719066050693,44.5249094768386
52,3,34.0627735400775,21.4705514567963,0,0.0500187570338877,44.4166562460923
52,6,34.5529470529471,21.2162837162837,0,0.0374625374625375,44.1933066933067
52,2,35.8775765146783,25.8838226108682,0,0.0374765771392879,38.2011242973142
53,5,57.9065700724457,42.0809392955284,0,0.0124906320259805,0
53,4,59.8551086684986,40.1324006994754,0,0.0124906320259805,0
53,7,58.8859747720744,41.0890470838017,0,0.0249781441238916,0
53,1,58.2812890332251,41.693729702723,0,0.024981264051961,0
53,3,59.6876951905059,40.2873204247345,0,0.0249843847595253,0
53,6,61.1714749594105,38.7910578244036,0,0.0374672161858374,0
53,2,57.7994255026852,42.1880854252529,0,0.0124890720619458,0
54,5,54.5647558386412,45.397776945173,0,0.0374672161858374,0
54,4,61.3588110403397,38.6286998875984,0,0.0124890720619458,0
54,7,60.3172620534599,39.6702473145141,0,0.0124906320259805,0
54,1,56.8002997377295,43.1872111902086,0,0.0124890720619458,0
54,3,62.0706881478706,37.8918446359435,0,0.0374672161858374,0
54,6,60.3297526854859,39.6327754184362,0,0.0374718960779415,0
54,2,60.262336039975,39.7001873828857,0,0.0374765771392879,0
55,5,56.2952785410942,43.6547589308019,0,0.0499625281039221,0
55,4,59.2805395953035,40.6944791406445,0,0.024981264051961,0
55,7,57.4622205570126,42.5128012988635,0,0.0249781441238916,0
55,1,57.9315513364976,42.0184861353985,0,0.0374718960779415,0.0124906320259805
55,3,57.70671996003,42.2558081438921,0,0.0374718960779415,0
55,6,56.8502560259773,43.1122767578369,0,0.0374672161858374,0
55,2,57.5318511116662,42.4056957282038,0,0.0374718960779415,0.024981264051961
56,5,55.4459155633275,44.5166125405946,0,0.0374718960779415,0
56,4,59.910078681154,40.0524541026602,0,0.0374672161858374,0
56,7,52.1983512365726,47.7641768673495,0,0.024981264051961,0.0124906320259805
56,1,54.5772449107031,45.397776945173,0,0.0249781441238916,0
56,3,56.8127888097914,43.1497439740227,0,0.0249781441238916,0.0124890720619458
56,6,53.4224331751187,46.5525855608294,0,0.024981264051961,0
56,2,53.4291068082448,46.5334166146159,0,0.0374765771392879,0
57,5,44.6290282288284,55.3709717711716,0,0,0
57,4,56.4397251717676,43.5352904434728,0,0.0249843847595253,0
57,7,40.0074943792156,59.8301274044467,0,0.0124906320259805,0.149887584311766
57,1,49.387959030727,50.5870597052211,0,0.024981264051961,0
57,3,53.2658923441988,46.7341076558012,0,0,0
57,6,47.5708754839515,52.4291245160485,0,0,0
57,2,48.607468465093,51.2551517422256,0,0,0.137379792681404
58,5,32.4793801549613,47.4756310922269,0,0,20.0449887528118
58,4,43.6758646522662,45.4738419278312,0,0.0249719066050693,10.8253215132975
58,7,17.9169792448112,31.8954738684671,0,0,50.1875468867217
58,1,30.8547863034241,51.137215696076,0,0,18.0079980004999
58,3,33.7790552361909,50.5373656585854,0,0.0124968757810547,15.6710822294426
58,6,31.9390685478836,38.5191659383194,0,0.0124859533025346,29.5292795604944
58,2,5.16314539317415,7.28841105138142,0.0125015626953369,0.0125015626953369,87.5234404300538
59,5,58.4811391456408,35.6982263302523,0.0124906320259805,0.0499625281039221,5.75818136397702
59,4,55.6930383702037,39.1201099862517,0,0.0499937507811524,5.1368578927634
59,7,56.2234441389653,39.0777305673582,0,0.0874781304673832,4.6113471632092
59,1,54.4898214062695,40.3521918321469,0,0.0499562882477832,5.10803047333583
59,3,55.9550561797753,38.8514357053683,0.0124843945068664,0.0624219725343321,5.11860174781523
59,6,56.4772017489069,38.2261086820737,0,0.0624609618988132,5.23422860712055
59,2,56.3577317012241,38.4961279040719,0,0.0374718960779415,5.10866849862603
60,5,57.8618708629949,42.0756837766954,0,0.062445360309729,0
60,4,60.4796402697976,39.4953784661504,0,0.024981264051961,0
60,7,59.2180864351736,40.7444416687484,0,0.0374718960779415,0
60,1,57.7816637521859,42.1683737197102,0,0.0499625281039221,0
60,3,58.4686485136148,41.5188608543592,0,0.0124906320259805,0
60,6,59.3753903810119,40.6246096189881,0,0,0
60,2,58.523791682278,41.4387411015362,0,0.0374672161858374,0
61,5,58.0439670247315,41.8935798151386,0,0.0624531601299026,0
61,4,58.5935548338746,41.3939545340994,0,0.0124906320259805,0
61,7,57.0875483951542,42.8874734607219,0,0.0249781441238916,0
61,1,57.0929070929071,42.8571428571429,0,0.0374625374625375,0.0124875124875125
61,3,58.1938546090432,41.7811641269048,0,0.024981264051961,0
61,6,59.0483327088797,40.9142000749344,0,0.0374672161858374,0
61,2,57.044716462653,42.917811641269,0,0.0374718960779415,0
62,5,57.1196602548089,42.8553584811391,0,0.024981264051961,0
62,4,59.7102535281629,40.2273011115274,0,0.062445360309729,0
62,7,52.4172392254841,47.5702685821362,0,0.0124921923797626,0
62,1,56.3772642098688,43.5977514053716,0,0.0249843847595253,0
62,3,56.5130510803047,43.4245035593855,0,0.0374672161858374,0.0249781441238916
62,6,54.839515424004,45.1355064318721,0,0.0124890720619458,0.0124890720619458
62,2,58.4436672495628,41.5063702223333,0,0.0499625281039221,0
63,5,44.4180819180819,55.5569430569431,0,0.0124875124875125,0.0124875124875125
63,4,53.4282502810041,46.5592606469339,0,0.0124890720619458,0
63,7,44.7970018738289,55.0405996252342,0,0,0.162398500936914
63,1,51.2426626701636,48.7323591857125,0,0.0249781441238916,0
63,3,48.9882588058956,50.9992505620784,0,0.0124906320259805,0
63,6,47.2513743128436,52.3738130934533,0,0,0.374812593703148
63,2,52.1543649306857,47.8206569251905,0,0.0124890720619458,0.0124890720619458
64,5,23.9195603297527,37.1346490132401,0,0,38.9457906570072
64,4,51.3489882588059,48.6385211091681,0,0.0124906320259805,0
64,1,49.3318346446859,50.6431872111902,0,0.0249781441238916,0
64,7,0.274725274725275,0.274725274725275,0.0124875124875125,0,99.4380619380619
64,6,8.34062773540077,9.87870451419282,0.0125046892584719,0,81.7681630611479
64,3,36.1534616345914,46.3259185203699,0,0.0124968757810547,17.5081229692577
64,2,50.4871346490132,46.0279790157382,0,0,3.48488633524856
65,5,28.4214473190851,20.5974253218348,0,0.0499937507811524,50.931133608299
65,4,40.9766454352442,39.0783064818284,0,0.062445360309729,19.8826027226177
65,1,43.9070116235471,41.4573178352706,0,0.0249968753905762,14.6106736657918
65,7,27.9825109306683,20.4247345409119,0.0124921923797626,0.0374765771392879,51.5427857589007
65,6,27.9354758034263,20.7077654120295,0,0.0375140677754158,51.3192447167688
65,3,29.8900824381714,18.9233075193605,0.0124906320259805,0.0499625281039221,51.1241568823382
65,2,29.2941911305434,19.7751405371643,0,0.0124921923797626,50.9181761399126
66,5,59.7976770325965,40.1523666791557,0,0.0499562882477832,0
66,4,58.8433674743942,41.1441418935798,0,0.0124906320259805,0
66,1,58.5435923057707,41.4064451661254,0,0.0374718960779415,0.0124906320259805
66,7,56.0329752685486,43.9295528353735,0,0.0374718960779415,0
66,6,59.9050711966025,40.0699475393455,0,0.024981264051961,0
66,3,59.0557082188359,40.9068198850862,0,0.024981264051961,0.0124906320259805
66,2,56.8002997377295,43.1872111902086,0,0.0124890720619458,0
67,5,57.8618708629949,42.1006619208193,0,0.0374672161858374,0
67,4,58.5186110417187,41.4439170622033,0,0.024981264051961,0.0124906320259805
67,1,57.5693230077442,42.3807144641519,0,0.0374718960779415,0.0124906320259805
67,7,56.5450911816138,43.3924556582563,0,0.0624531601299026,0
67,6,57.019735198601,42.942792905321,0,0.0374718960779415,0
67,3,57.2195853110167,42.7679240569573,0,0.0124906320259805,0
67,2,57.5443417436922,42.4306769922558,0,0.024981264051961,0
68,5,55.9400374765771,44.0599625234229,0,0,0
68,4,56.5450911816138,43.4424181863602,0,0.0124906320259805,0
68,1,56.4701473894579,43.5173619785161,0,0.0124906320259805,0
68,7,55.8511302610216,44.1238915948545,0,0.0124890720619458,0.0124890720619458
68,6,58.0117397277382,41.9507930560759,0,0.0374672161858374,0
68,3,57.362307980517,42.6002248032971,0,0.0374672161858374,0
68,2,59.1806145390957,40.7944041968524,0,0.024981264051961,0
69,5,55.8261521168977,44.1488697389784,0,0.0249781441238916,0
69,4,52.8478641019236,47.1146640019985,0,0.0374718960779415,0
69,1,51.0242318261304,48.9632775418436,0,0.0124906320259805,0
69,7,48.5571517801374,51.317926296065,0,0,0.124921923797626
69,6,56.3631822155614,43.6243287123767,0,0.0124890720619458,0
69,3,56.7449412940295,43.2550587059705,0,0,0
69,2,41.0515798676158,58.9109529161983,0,0.0124890720619458,0.0249781441238916
70,5,51.6052467207995,48.3572767020612,0,0,0.0374765771392879
70,4,48.8947171225178,51.0927938054203,0,0.0124890720619458,0
70,1,50.006244536031,49.9812663919071,0,0.0124890720619458,0
70,6,51.286535098676,48.6260304771421,0,0,0.0874344241818636
70,7,10.6656675409017,17.4347445984763,0.0124890720619458,0,71.88709878856
70,3,51.0117411941044,48.9382962777917,0,0.024981264051961,0.024981264051961
70,2,20.9218086435174,39.133150137397,0.0124906320259805,0,39.9325505870597
71,5,34.8206474190726,49.5188101487314,0,0.0249968753905762,15.6355455568054
71,4,29.729054813335,43.1639405668623,0,0.0249719066050693,27.0820327131977
71,1,32.3507369472895,50.9118161378966,0,0.0374718960779415,16.6999750187359
71,7,5.3375,1.9625,0.0125,0.025,92.6625
71,6,6.16481180442666,5.43953982743529,0.0125046892584719,0.0250093785169439,88.3581343003626
71,3,17.8205448637841,22.2694326418395,0,0.0999750062484379,59.810047488128
71,2,4.32445944256968,2.34970628671416,0,0.0124984376952881,93.3133358330209
72,5,58.6310267299525,41.3065201099176,0,0.0499625281039221,0.0124906320259805
72,4,54.1094179365476,45.8406195353485,0,0.0499625281039221,0
72,1,57.1571321508868,42.7929053210092,0,0.0499625281039221,0
72,7,56.2148657089319,43.7226733291693,0,0.0624609618988132,0
72,6,57.6264834478451,42.3485321673954,0,0.0124921923797626,0.0124921923797626
72,3,56.5255401523667,43.4494817035094,0,0.0249781441238916,0
72,2,59.0857999250656,40.8767328587486,0,0.0249781441238916,0.0124890720619458
73,5,54.6590057456907,45.2910317262053,0,0.0499625281039221,0
73,4,57.8993380791807,42.0881728487573,0,0.0124890720619458,0
73,1,56.7003871612339,43.2746346946422,0,0.0249781441238916,0
73,7,56.43267549338,43.5298526105421,0,0.0374718960779415,0
73,6,56.3007368552517,43.6867740726864,0,0.0124890720619458,0
73,3,58.53628075434,41.4262520294742,0,0.0374672161858374,0
73,2,58.0564576567574,41.9310517112166,0,0.0124906320259805,0
74,5,57.3872861246409,42.5877357312352,0,0.0249781441238916,0
74,4,56.4272329793879,43.5103060587133,0,0.0499687695190506,0.0124921923797626
74,1,58.1938546090432,41.7686734948788,0,0.024981264051961,0.0124906320259805
74,7,56.5450911816138,43.3924556582563,0,0.0624531601299026,0
74,6,55.1961029228079,44.7539345490882,0,0.0499625281039221,0
74,3,56.8769519050593,43.0980637101811,0,0.0249843847595253,0
74,2,58.8859747720744,41.0765580117397,0,0.0374672161858374,0
75,5,55.2016985138004,44.7608342700137,0,0.0374672161858374,0
75,4,56.6808191808192,43.2942057942058,0,0.024975024975025,0
75,1,50.4496627529353,49.5253559830127,0,0.024981264051961,0
75,7,50.7306107156238,49.2444111402523,0,0.0249781441238916,0
75,6,52.0919195703759,47.8831022855002,0,0.0249781441238916,0
75,3,52.7531527032089,47.221875390186,0,0.0124859533025346,0.0124859533025346
75,2,57.1071696227829,42.8803397451911,0,0.0124906320259805,0
76,5,39.4177911044478,50.6746626686657,0,0,9.90754622688656
76,4,50.6058713304185,49.3941286695815,0,0,0
76,1,51.6423129761459,48.3576870238541,0,0,0
76,7,42.5858838226109,57.3641474078701,0,0,0.0499687695190506
76,6,36.6508491508491,47.7022977022977,0,0.024975024975025,15.6218781218781
76,3,48.8316881169561,51.0933399975009,0,0.0124953142571536,0.0624765712857678
76,2,49.7626779915064,50.2373220084936,0,0,0
77,5,5.45,3.3375,0.0375,0.0375,91.1375
77,4,35.2103883131477,47.7837432888001,0,0.0624297665126732,16.9434386315395
77,1,23.6792806294492,30.6731609841389,0.0249781441238916,0.0124890720619458,45.610091170226
77,7,11.5254661494181,13.3650356651233,0,0.0375422350143912,75.0719559504442
77,6,5.3,3.0375,0.0125,0,91.65
77,3,34.0579710144928,34.7826086956522,0.0124937531234383,0.0624687656171914,31.0844577711144
77,2,40.1048820077413,44.5998251966538,0,0.0499438132101386,15.2453489823948
78,5,56.5575818136398,43.4174369223083,0,0.024981264051961,0
78,4,55.6457656757432,44.3292530602048,0,0.024981264051961,0
78,1,58.7632729544035,41.1867582760774,0,0.0499687695190506,0
78,7,56.6504308729861,43.2996128387661,0,0.0499562882477832,0
78,6,55.526414387411,44.4486074684651,0,0.0249781441238916,0
78,3,56.5255401523667,43.4369926314475,0,0.0374672161858374,0
78,2,59.7751405371643,40.212367270456,0,0.0124921923797626,0
79,5,56.4256275758711,43.549394280005,0,0.0249781441238916,0
79,4,57.0625702510304,42.8999625327838,0,0.0249781441238916,0.0124890720619458
79,1,57.7566824881339,42.2183362478141,0,0.024981264051961,0
79,7,57.1946040469648,42.7804146889833,0,0.024981264051961,0
79,6,58.0991632321718,41.8508804795804,0,0.0249781441238916,0.0249781441238916
79,3,56.9376795304109,43.0498313975272,0,0.0124890720619458,0
79,2,58.0492069439241,41.925814911952,0,0.0249781441238916,0
80,5,55.3584811391456,44.6040469647764,0,0.0374718960779415,0
80,4,56.8573569822633,43.1301523857107,0,0.0124906320259805,0
80,1,56.0579565326005,43.8795903072695,0,0.0499625281039221,0.0124906320259805
80,7,55.3459905071197,44.6415188608544,0,0.0124906320259805,0
80,6,57.3444916312765,42.6430177366975,0,0.0124906320259805,0
80,3,53.7788881948782,46.1961274203623,0,0.0249843847595253,0
80,2,58.1740976645435,41.7634569751467,0,0.062445360309729,0
81,5,55.6207844116912,44.3542343242568,0,0.024981264051961,0
81,4,51.6612540594554,48.3012740444667,0,0.0374718960779415,0
81,1,52.4541026601723,47.5334082677657,0,0.0124890720619458,0
81,7,48.2952416635444,51.6672911202698,0,0.0374672161858374,0
81,6,55.6082937796653,44.3417436922308,0,0.0499625281039221,0
81,3,58.7934049462903,41.1691231576318,0,0.0374718960779415,0
81,2,58.0387257963773,41.948782011243,0,0.0124921923797626,0
82,5,47.9580367178719,52.0294742100662,0,0.0124890720619458,0
82,4,47.5583864118896,52.4291245160485,0,0.0124890720619458,0
82,1,48.4011991006745,51.5988008993255,0,0,0
82,7,38.788257339163,61.0493441599001,0,0.0124921923797626,0.149906308557152
82,6,52.9286873985263,47.0588235294118,0,0.0124890720619458,0
82,3,44.4791406445166,55.4708968273795,0,0.0124906320259805,0.0374718960779415
82,2,46.3719245660047,53.5281628574997,0,0,0.0999125764955664
83,5,29.0068707058089,43.68519675203,0,0.0499687695190506,27.2579637726421
83,4,31.3328332083021,43.5608902225556,0.0125031257814454,0.0250062515628907,25.0687671917979
83,1,20.7771114442779,29.7976011994003,0.0124937531234383,0,49.4127936031984
83,7,6.04924384451944,5.81177352830896,0,0,88.1389826271716
83,6,42.4590778458078,42.4090965887792,0,0.0624765712857678,15.0693489941272
83,3,6.8758594824353,7.67595949493687,0.0125015626953369,0,85.4356794599325
83,2,12.8782195548887,16.5416354088522,0,0.0125031257814454,70.5676419104776
84,5,55.6263269639066,44.3237167478456,0,0.0499562882477832,0
84,4,59.9300524606545,40.0074943792156,0,0.0624531601299026,0
84,1,55.8511302610216,44.1114025227926,0,0.0249781441238916,0.0124890720619458
84,7,55.4958780914314,44.4791406445166,0,0.024981264051961,0
84,6,57.7139287945034,42.2735790131168,0,0.0124921923797626,0
84,3,57.4675324675325,42.4825174825175,0,0.0374625374625375,0.0124875124875125
84,2,55.6832375718211,44.3167624281789,0,0,0
85,5,56.1578815888084,43.8171371471396,0,0.024981264051961,0
85,4,56.8252778818534,43.1497439740227,0,0.0249781441238916,0
85,1,56.420184861354,43.5548338745941,0,0.024981264051961,0
85,7,58.6237042587736,41.3638066691645,0,0.0124890720619458,0
85,6,57.149993755464,42.8250281004121,0,0.0249781441238916,0
85,3,58.4186859855109,41.5688233824632,0,0.0124906320259805,0
85,2,55.7387286124641,44.236293243412,0,0.0249781441238916,0
86,5,53.222583062703,46.7399450412191,0,0.0374718960779415,0
86,4,56.8323757182113,43.1301523857107,0,0.0374718960779415,0
86,1,56.1703722208344,43.7796652510617,0,0.0499625281039221,0
86,7,55.6013488197827,44.3611839640315,0,0.0374672161858374,0
86,6,55.8261521168977,44.1363806669164,0,0.0374672161858374,0
