moment,node,user,system,iowait,softirq,idle
1,2,0.162337662337662,0.0624375624375624,0,0,99.7752247752248
1,3,0.124906320259805,0.0374718960779415,0.0374718960779415,0,99.8001498875843
1,5,0.137379792681404,0.0374672161858374,0.0249781441238916,0,99.8001748470089
1,4,0.162337662337662,0.0124875124875125,0.024975024975025,0,99.8001998001998
1,1,0.137448456828689,0.0249906285143071,0.0249906285143071,0,99.8125702861427
1,7,0.0624765712857678,0.0374859427714607,0.0499812570286143,0,99.8500562289142
1,6,0.0874235044336206,0.0249781441238916,0.0249781441238916,0.0124890720619458,99.8501311352566
2,2,0.124890720619458,0.0749344323716748,0.0249781441238916,0.0124890720619458,99.762707630823
2,3,0.312226801548645,0.249781441238916,0,0.062445360309729,99.3755463969027
2,5,4.146371924566,0.924191332583989,0.0249781441238916,0.0249781441238916,94.8794804546022
2,4,0.0374672161858374,0.0249781441238916,0.0124890720619458,0,99.9250655676283
2,1,0.18738288569644,0.324797001873829,0,0.0249843847595253,99.4628357276702
2,6,0.137362637362637,0.024975024975025,0.0124875124875125,0,99.8251748251748
2,7,0.0374718960779415,0.0374718960779415,0,0,99.9250562078441
3,2,7.16429107276819,1.20030007501875,0.0125031257814454,0,91.6229057264316
3,3,6.82273410115173,1.35202804206309,0.0125187781672509,0.0250375563345018,91.7876815222834
3,5,14.1086629944917,1.05157736604907,0.0125187781672509,0,84.8272408612919
3,4,7.65095636954619,1.23765470683835,0,0.0250031253906738,91.0863857982248
3,1,7.08385481852315,1.1639549436796,0.0125156445556946,0,91.7396745932415
3,6,6.99712104143197,1.0514457378896,0,0.0625860558267618,91.8888471648517
3,7,6.08108108108108,1.18868868868869,0.0125125125125125,0.025025025025025,92.6926926926927
4,2,4.20105026256564,0.262565641410353,0.0125031257814454,0.0125031257814454,95.5113778444611
4,5,11.3363363363363,0.875875875875876,0,0.0750750750750751,87.7127127127127
4,3,4.44888777805549,0.299925018745314,0.0124968757810547,0,95.2386903274181
4,4,4.22341621891791,0.287392227914532,0.287392227914532,0,95.201799325253
4,1,4.24787606196902,0.299850074962519,0.0249875062468766,0.0124937531234383,95.4147926036981
4,6,4.90245122561281,0.362681340670335,0.0250125062531266,0,94.7098549274637
4,7,5.84853786553362,0.449887528117971,0.0124968757810547,0,93.6890777305674
5,2,49.3552022035808,2.07837736321522,0,0.2003255289846,48.3660949042194
5,5,69.907058528008,3.26551117809596,0.0125596583772921,0.615423260487315,26.1994473750314
5,4,48.0446227124593,2.53196289796942,0.100275758335422,0.438706442717473,48.8844321885184
5,3,48.7140885710701,2.38364069752854,0,0.577091958349015,48.3251787730523
5,6,46.643330416302,2.337792224028,0,0.412551568946118,50.6063257907238
5,1,49.4360902255639,2.04260651629073,0,0.238095238095238,48.2832080200501
5,7,48.4004516371848,1.91945803537825,0,0.15054572826496,49.529544599172
6,2,50.018865551503,2.74179348509621,0.0125770343353037,0.981008678153691,46.2457552509118
6,4,53.2605969400552,2.04414346626536,0.0125407574617507,0.827689992475546,43.8424880862804
6,5,78.6953242835596,3.48164906988436,0,1.16892911010558,16.6540975364505
6,3,53.3249686323714,2.15809284818068,0.0125470514429109,0.82810539523212,43.6762860727729
6,6,54.7264304494804,2.21610116439214,0.0125203455615375,0.738700388130712,42.2937273068737
6,1,52.3003635451924,2.55735238811583,0.0125360411182149,0.764698508211107,44.3650495173624
6,7,53.9831890603437,2.32091331075147,0.0250909547108267,0.878183414878936,42.7800777819596
7,2,53.8258906171601,2.93527345709985,0.0125439036628199,0.840441545408931,42.3858504766683
7,4,56.2836737250971,2.64377897506578,0.0125297581756672,0.664077183310362,40.3959403583511
7,3,53.8616099460003,2.76277784754489,0,1.00464649001633,42.3709657164385
7,5,81.1733800350263,3.08981736302227,0,0.975731798849137,14.7610708031023
7,7,56.0541489095011,3.04587615943846,0,0.62672348959639,40.273251441464
7,1,55.1547037454591,2.56795690843041,0,0.526118000751597,41.7512213453589
7,6,52.4561403508772,2.88220551378446,0,1.29072681704261,43.3709273182957
8,2,53.9300488905604,1.86787012661402,0,0.90259496051147,43.2869499811959
8,4,53.249029673219,2.45398773006135,0.0125203455615375,0.888944534869162,43.395517716289
8,3,55.4456685027541,2.24086129193791,0,0.913870806209314,41.3995993990986
8,5,78.2139721560266,3.57456415401982,0,1.12880973284836,17.0826539571052
8,1,55.4887218045113,1.39097744360902,0,0.538847117794486,42.5814536340852
8,7,54.9516756621062,1.83255930714196,0,0.803313668884147,42.4124513618677
8,6,53.7680250783699,2.40752351097179,0,1.04075235109718,42.7836990595611
9,2,51.4167502507523,2.55767301905717,0,1.10330992978937,44.9222668004012
9,4,53.1605958192515,2.09037426461384,0,0.85117035924396,43.8853423457254
9,3,52.6705115346038,2.24423269809428,0.137913741223671,0.890170511534604,44.0446339017051
9,5,79.5303277659174,3.01393947004898,0.238603541378877,1.33115659927163,15.8859726233831
9,1,52.4341279799247,2.19573400250941,0.27603513174404,0.727728983688833,44.366373902133
9,7,50.7958390775786,2.74470485023186,0,1.06529640305803,45.3941596691315
9,6,53.3934385174055,2.27898822940145,0.0125219133483596,0.826446280991736,43.488605058853
10,2,52.7850794842909,2.6536487670547,0.388033546125923,0.838653148078608,43.3345850544499
10,4,52.4202626641651,2.11382113821138,0.0125078173858662,0.938086303939963,44.5153220762977
10,3,54.9505570158969,2.29064964325948,0.588308924771561,0.90123920390537,41.2692452121667
10,5,73.1339532545866,4.54888162854989,0.0125659713495853,1.25659713495853,21.0480020105554
10,7,55.2908726178536,1.65496489468405,0.275827482447342,0.651955867602808,42.1138415245737
10,1,54.0983606557377,2.21499186584908,0.275309723438869,0.613189838568389,42.798147916406
10,6,51.8532431755572,3.15552216378663,0.225394440270473,0.951665414475332,43.801652892562
11,2,57.4678165229346,2.12473440819898,0.174978127734033,0.499937507811524,39.7325334333208
11,4,50.6081504702194,2.5705329153605,0,1.00313479623824,45.8181818181818
11,3,51.5679879578525,2.23281485198194,0.175614651279478,0.91570496738585,45.1078775715003
11,5,79.7096007009638,4.69395418700713,0.0375516334960571,1.10151458255101,14.457378895982
11,1,55.1819322459222,2.23337515683814,0.175658720200753,0.890840652446675,41.5181932245922
11,7,54.46439784001,2.34836117041316,0.113022730126837,0.879065678764285,42.1951525806857
11,6,52.7199799448483,2.63223865630484,0.0250689395838556,1.02782652293808,43.5948859363249
12,2,49.5366892061107,1.46506386175808,0,1.16453794139745,47.8211870773854
12,3,55.0169109357384,2.61806338469247,0,0.989602906175623,41.3628961543279
12,4,56.8669258748275,3.04778627869058,0.0125423303649818,0.639658848614073,39.4330866675028
12,5,77.2055137844611,3.63408521303258,0.012531328320802,1.10275689223058,18.0451127819549
12,7,54.3325820185324,2.0786376158277,0.0125219133483596,0.763836714249937,42.7998998246932
12,1,53.9300488905604,2.38184781246082,0.0125360411182149,0.777234549329322,42.8983327065313
12,6,54.7553324968632,2.79799247176913,0,0.95357590966123,41.4805520702635
13,2,53.7064863511144,1.80315552216379,0,0.751314800901578,43.7390433258202
13,4,54.8778960551033,1.12711333750783,0.0125234815278647,0.864120225422668,43.1183469004383
13,3,57.0033796470146,1.28927275003129,0,0.663412191763675,41.0439354111904
13,5,79.8896690070211,2.05616850551655,0,1.21614844533601,16.8380140421264
13,7,53.2898859506204,2.03032961524001,0,0.852237122446422,43.8275473116932
13,1,53.1629713140423,1.35287485907554,0,0.739070524865339,44.7325566829513
13,6,51.8811136192626,1.54251316779533,0,0.827689992475546,45.7486832204665
14,2,55.0806149231346,2.0997375328084,0,0.762404699412573,42.0572428446444
14,3,52.0301697045883,1.62162162162162,0,0.879949717159019,45.468258956631
14,5,78.2287360641363,3.73293248152324,0,1.25266190655142,16.7731429287235
14,4,52.1357885506702,2.43016409870976,0,0.939496429913566,44.482024301641
14,7,53.1402783001128,2.85821737495299,0,0.852450796038611,43.1490535288956
14,1,53.8934169278997,2.24451410658307,0,0.827586206896552,43.0344827586207
14,6,52.2414224893564,2.96769346356123,0,0.851490107688455,43.9268720260456
15,2,53.6551724137931,3.03448275862069,0,0.702194357366771,42.6081504702194
15,3,54.0737026823765,2.23113562296315,0,0.789671596891451,42.9054900977689
15,5,76.4831038798498,5.20650813516896,0,1.17647058823529,17.1339173967459
15,7,53.0046418266215,1.2169113034751,0.0125454773554134,0.752728641324802,45.0131727512232
15,4,51.4665329656556,3.19628979694159,0,0.91501629481073,44.4221609425921
15,1,54.902943018159,1.39010644959299,0.0125234815278647,0.814026299311209,42.8804007514089
15,6,52.9278996865204,2.78369905956113,0.0125391849529781,0.90282131661442,43.3730407523511
16,2,54.7675729858414,2.05488034080942,0,0.576368876080692,42.6011777972685
16,3,51.6739811912226,1.78056426332288,0,1.09090909090909,45.4545454545455
16,5,78.725269221137,1.52767342849987,0,1.3648885549712,18.3821687953919
16,4,54.0265930757652,4.00150526843954,0,0.740090316106372,41.2318113396889
16,7,54.7642928786359,1.50451354062187,0,0.92778335005015,42.8034102306921
16,1,52.0055151667084,2.41915266984207,0,0.877412885434946,44.6979192780145
16,6,58.3208020050125,2.64411027568922,0,0.75187969924812,38.2832080200501
17,2,52.8889444722361,1.10055027513757,0.0125062531265633,0.775387693846923,45.2226113056528
17,3,55.1789077212806,3.38983050847458,0.0125549278091651,1.06716886377903,40.3515379786566
17,5,81.7897371714643,1.76470588235294,0.0125156445556946,1.10137672090113,15.3316645807259
17,4,54.0868694454875,1.0764801602203,0,0.826135936913256,44.0105144573789
17,7,62.7581028657239,3.06594919284195,0,0.663246151920911,33.5127017895132
17,1,57.0157855174142,1.64119268353796,0,0.551240290653971,40.7917815083939
17,6,49.0400301167022,2.25875266658301,0,0.991341448111432,47.7098757686033
18,2,52.4699097291876,2.52006018054162,0,1.07823470411234,43.9317953861585
18,3,54.3870644271747,1.50413637503134,0,0.752068187515668,43.3567310102783
18,4,54.6479579052869,2.61839138060636,0.0125281884239539,0.889501378100727,41.8316211475821
18,5,77.7972905168088,4.34019066733567,0,1.31710988459609,16.5454089312594
18,7,51.7176529588766,1.32898696088265,0,0.977933801404213,45.962888665998
18,1,53.6028119507909,1.28044187798142,0,0.677880994225458,44.4388651770023
18,6,55.9589384076114,1.75262894341512,0,0.788683024536805,41.4997496244367
19,2,54.0117661784954,1.56465139566904,0.0125172111653524,0.801101514582551,43.6099637000876
19,3,52.3349234245544,1.93321616871705,0,0.903841325633944,44.8280190810947
19,5,80.7846578089747,2.50689395838556,0,1.34118826773627,15.3672599649035
19,4,55.5527763881941,1.80090045022511,0.0250125062531266,0.775387693846923,41.8459229614807
19,6,50.9013520280421,2.91687531296945,0,0.913870806209314,45.2679018527792
19,7,56.5522425457279,1.35304434978702,0,0.689050363317464,41.4056627411676
19,1,53.5508155583438,1.64366373902133,0,0.840652446675031,43.9648682559598
20,2,53.9242728184554,2.4197592778335,0,0.952858575727182,42.6905717151454
20,3,55.3996492107241,1.62866449511401,0,0.814332247557003,42.1573540466049
20,4,53.1351893654377,1.02834211186356,0,0.840230749937296,44.9962377727615
20,5,80.3484145882943,2.95776413084346,0,1.19062539165309,15.5031958892092
20,6,51.4471870692896,2.31800526249843,0.0626487908783361,0.977321137702042,45.1948377396316
20,1,50.0751503006012,1.86623246492986,0,0.726452905811623,47.3196392785571
20,7,50.6522829904666,2.37079779227296,0,1.15403913697943,45.8103361766182
21,2,52.1750031340103,2.50720822364297,0,0.97781120722076,44.339977435126
21,3,54.1139636819036,2.99311208515967,0,0.776455854727614,42.1164683782091
21,4,53.0760556321263,2.31800526249843,0,0.7643152487157,43.8290940984839
21,5,74.3865798698047,4.26890335503255,0.0125187781672509,1.69003505257887,19.6419629444166
21,6,53.0221499186585,2.79063946940308,0,1.00112626705043,43.186084344888
21,7,56.2695728422899,0.626330953275711,0,0.601277715144682,42.5028184892897
21,1,54.7720440881764,2.17935871743487,0,0.588677354709419,42.4599198396794
22,2,31.5111333500125,2.1015761821366,0,0.537903427570678,65.8493870402802
22,3,30.512724081735,1.516860975304,0.0125360411182149,0.727090384856462,67.2307885169863
22,4,31.3102240020023,2.40270304092104,0.0125140783381304,0.613189838568389,65.6613690401702
22,5,35.1385232543563,0.915131001629685,0,0.802306631565752,63.1440391124483
22,6,20.2200825309491,2.23833937726647,0,0.637739152182068,76.9038389396024
22,7,20.1679618952118,2.35648032088243,0,0.526447731260968,76.9491100526448
22,1,18.5315123418118,2.04235058263376,0,0.438541536148352,78.9875955394061
23,2,37.0287141073658,3.1210986267166,0,0.31210986267166,59.5380774032459
23,3,32.6607344278732,2.66950745707482,0,0.187993482892593,64.4817646321594
23,4,34.6910640431132,2.90763253540544,0.0125328988595062,0.200526381752099,62.1882441408698
23,5,56.0456083197594,4.32276657060519,0,0.31324395439168,39.3183811552437
23,6,38.1608619393636,2.86895514908544,0,0.212979203207216,58.7572037083438
23,7,41.9585687382298,4.72065285624608,0,0.175768989328311,53.1450094161959
23,1,39.3296510168215,4.83304042179262,0.0125533517449159,0.175746924428823,55.6490082852122
24,2,34.2512259524708,1.93637621023513,0.0125738714950333,0.364642273355966,63.4351816924431
24,3,35.5876807039598,2.11187932118165,0,0.32683846637335,61.9736015084852
24,4,39.6699420508944,3.27538422776518,0.0125976316452507,0.390526581002771,56.6515495086924
24,5,65.9932237420003,4.04065754799849,0,0.665077174049442,29.3010415359518
24,7,40.1004394224733,1.99623352165725,0.0125549278091651,0.439422473320778,57.4513496547395
24,6,37.182709223423,2.07338527268158,0,0.414677054536316,60.3292284493591
24,1,33.7049098196393,2.02905811623247,0.0125250501002004,0.375751503006012,63.877755511022
25,2,34.2943093507145,2.64477312609677,0.0250689395838556,0.238154926046628,62.7976936575583
25,3,35.0995866215708,3.54503319554052,0.0125266190655142,0.150319428786171,61.192534135037
25,5,59.3565414100792,4.43634535629006,0.0251351011687822,0.45243182103808,35.7295463114239
25,4,30.8107429718875,2.19628514056225,0.0251004016064257,0.163152610441767,66.804718875502
25,6,36.9390824768112,2.46929054900978,0.0125344697919278,0.238154926046628,60.3409375783404
25,1,32.0432269414426,1.93515958783614,0.0125659713495853,0.175923598894195,65.8331239004775
25,7,36.3306199123356,2.15403882279274,0.0125234815278647,0.187852222917971,61.3149655604258
26,2,30.5879403284443,2.51974426476119,0.0125360411182149,0.250720822364297,66.629058543312
26,3,29.5622726702621,1.89389188511225,0.0125423303649818,0.225761946569673,68.305531167691
26,5,57.8444918980028,5.36364778294184,0.0251224720512498,0.477326968973747,36.2894108780304
26,4,30.1521438450899,1.97409782472023,0.0125738714950333,0.251477429900666,67.6097070287942
26,6,35.748427672956,3.10691823899371,0.0125786163522013,0.226415094339623,60.9056603773585
26,1,28.3632709458611,1.85906293179249,0.0251224720512498,0.163296068333124,69.5892475819621
26,7,35.8253888610136,2.03211239337682,0.137982940291019,0.301053687907677,61.7034621174109
27,2,34.6216589283473,2.585016940645,0.0125486259254612,0.250972518509223,62.529802986573
27,3,33.789552988448,2.68709191361125,0.0251130085384229,0.200904068307383,63.2973380210949
27,5,60.0730294636112,4.29362880886427,0.025182573659028,0.339964744396877,35.2681944094686
27,6,38.2087305569493,2.79729051680883,0.0125439036628199,0.301053687907677,58.6803813346714
27,4,31.420661884988,3.39750849377123,0.0251667295834906,0.18875047187618,64.967912419781
27,1,30.2954116907605,3.04211187932118,0.0251414204902577,0.276555625392835,66.3607793840352
27,7,37.0156739811912,2.39498432601881,0.0877742946708464,0.313479623824451,60.1880877742947
28,2,28.0983442047165,1.96939287506272,0.0250878073256397,0.200702458605118,69.70647265429
28,3,30.3856299459867,1.98467529204874,0.0125612360256249,0.200979776409999,67.416153749529
28,5,59.5945605640896,3.61369932007051,0.025182573659028,0.465877612692017,36.3006799294888
28,4,29.8078130888079,2.18565506845874,0.0125612360256249,0.200979776409999,67.7929908302977
28,6,33.7592383815608,2.51785043216836,0.0250532381310284,0.23800576224477,63.459852185895
28,1,30.9022556390977,2.33082706766917,0.012531328320802,0.175438596491228,66.5789473684211
28,7,36.1574132096754,2.16819150269457,0.0125328988595062,0.300789572628149,61.3610728161424
29,2,28.9298707815832,1.93200351273366,0.0125454773554134,0.15054572826496,68.9750345000627
29,3,28.4692597239649,1.89460476787955,0.0125470514429109,0.163111668757842,69.4604767879548
29,5,59.9874134675897,4.04027690371303,0,0.453115166771554,35.5191944619257
29,4,29.6380090497738,2.08647561588738,0.012569130216189,0.12569130216189,68.1372549019608
29,6,37.1815786171414,2.20855816288116,0,0.225875266658301,60.3839879533191
29,1,29.4612583197287,1.94650257440663,0.0125580811252041,0.150696973502449,68.428984051237
29,7,35.7151811457942,2.21887927792403,0.0250720822364297,0.225648740127868,61.8152187539175
30,2,30.8329152032112,1.66833918715504,1.5178123432012,0.275965880582037,65.7049673858505
30,3,33.2036153653025,1.60682902334923,1.79512929952297,0.238513683153402,63.1559126286719
30,5,60.5900816070308,3.4526051475204,0.276208411801632,0.477087256748274,35.2040175768989
30,4,31.2719959778783,1.74710910005028,0.339366515837104,0.201106083459025,66.4404223227753
30,1,31.4217593173547,1.84464801104279,1.71916175178818,0.188229388881917,64.8262015309324
30,6,34.4192457085578,1.85440420999875,1.76669590276908,0.263124921689011,61.6965292569853
30,7,34.4369199899674,1.84349134687735,0,0.225733634311512,63.4938550288437
31,2,33.0325814536341,1.47869674185464,0.025062656641604,0.200501253132832,65.2631578947368
31,3,33.8600451467269,1.70554301479809,0.0125407574617507,0.150489089541008,64.2713819914723
31,5,65.7808974680371,3.09601403860617,0.0125344697919278,0.426171972925545,30.6843820506393
31,4,32.6351436096827,1.50507964379782,0,0.125423303649818,65.7343534428697
31,1,33.2832268570713,1.89151947889265,0.0125266190655142,0.175372666917199,64.6373543780534
31,6,36.8203457780005,1.70383362565773,0.0250563768479078,0.162866449511401,61.2878977699825
31,7,41.2670589708276,1.84049079754601,0.025040691123075,0.25040691123075,56.6170026292726
32,2,28.5230267285732,1.5183837369808,0,0.175680762956456,69.7829087714895
32,3,28.6341402232535,1.46745265270287,0,0.1379656340148,69.7604414900289
32,5,56.9489821563207,2.81477758230711,0.0251319426991706,0.364413169137974,39.8466951495351
32,4,29.0549009776886,1.62948107295061,0.0501378791677112,0.200551516670845,69.0649285535222
32,1,29.8772852491861,1.71550212872527,0.0250438266967193,0.112697220135237,68.2694715752567
32,6,31.9114335751814,1.88891668751564,0.0125093820365274,0.187640730547911,65.9994996247185
32,7,35.0852985449072,1.81886603110888,0,0.238334169593578,62.8575012543904
33,2,29.6635701732363,1.60682902334923,0.0251067034898318,0.150640220938991,68.5538538789857
33,5,59.1074338723831,3.08386611508086,0.0125360411182149,0.363545192428231,37.4326187789896
33,3,30.6257822277847,1.43929912390488,0.0125156445556946,0.175219023779725,67.747183979975
33,4,30.2756892230576,1.66666666666667,0.037593984962406,0.150375939849624,67.8696741854637
33,1,30.0351141208929,1.61775771256584,0.0125407574617507,0.250815149235014,68.0837722598445
33,6,32.5476429287864,1.79287863590772,0.0125376128385155,0.150451354062187,65.4964894684052
33,7,37.3010900889613,1.87946372635008,0.0250595163513344,0.275654679864679,60.5187319884726
34,2,32.4304081887405,1.74759705405068,0.024965672200724,0.199725377605792,65.5973037074023
34,5,61.9358074222668,2.97141424272818,0.0125376128385155,0.300902708124373,34.7793380140421
34,3,32.1526908635795,1.57697121401752,0.0750938673341677,0.16270337922403,66.0200250312891
34,4,32.4019546422754,1.62886856283674,0.0250595163513344,0.100238065405338,65.8438792131312
34,1,30.1278836509529,1.79287863590772,0.0250752256770311,0.162988966900702,67.8911735205617
34,6,35.6766917293233,1.84210526315789,0.050125313283208,0.213032581453634,62.218045112782
34,7,38.6110066441018,1.89294220885045,0.0125360411182149,0.225648740127868,59.2578663658017
35,2,29.5910687405921,1.5178123432012,0.0376317109884596,0.150526843953838,68.7029603612644
35,5,58.5531273549359,2.70032655111781,0.0125596583772921,0.301431801055011,38.4325546345139
35,3,31.6040698404723,1.23100113051124,0.0251224720512498,0.138173596281874,67.0016329606833
35,4,30.8482646284927,1.50357098108007,0.0125297581756672,0.150357098108007,67.4852775341436
35,1,30.0125628140704,1.72110552763819,0.0125628140703518,0.125628140703518,68.1281407035176
35,7,36.0651629072682,1.76691729323308,0.025062656641604,0.238095238095238,61.9047619047619
35,6,35.8717434869739,1.67835671342685,0.0250501002004008,0.175350701402806,62.249498997996
36,2,31.3055451245463,1.55213418450369,0.0125172111653524,0.200275378645638,66.9295281011391
36,5,63.2332621529959,3.2282376585856,0,0.376837080768748,33.1616631076498
36,3,28.4207883504896,1.73236254079839,0.0125533517449159,0.175746924428823,69.6585488325383
36,4,30.3976916321666,1.58073014678209,0.0376364320662401,0.138000250909547,67.8459415380755
36,1,26.5318935208438,1.68257157207433,0.0125565042692115,0.163234555499749,71.6097438473129
36,7,34.786432160804,1.89698492462312,1.4070351758794,0.188442211055276,61.7211055276382
36,6,42.5905048227483,2.04183890767882,0.0125266190655142,0.275585619441313,55.079544031066
37,2,38.0463368816531,1.75328741390106,0.0250469630557295,0.225422667501565,59.9499060738885
37,5,65.0815558343789,3.24968632371393,0.0250941028858218,0.401505646173149,31.2421580928482
37,3,37.9834254143646,1.5318935208438,0.0627825213460573,0.26368658965344,60.1582119537921
37,4,38.1795354676711,1.75768989328311,0.0125549278091651,0.188323917137476,59.8618957940992
37,1,38.4924118901292,1.86880722438229,0.125423303649818,0.225761946569673,59.287595635269
37,7,41.1152882205514,2.14285714285714,0.175438596491228,0.238095238095238,56.328320802005
37,6,37.4061091637456,2.04056084126189,0.0375563345017526,0.187781672508763,60.3154732098147
38,2,29.3955354903436,1.7557060446451,0.0125407574617507,0.163029847002759,68.6731878605468
38,5,60.1686383085829,3.39793606846212,0,0.415303297256481,36.0181223256985
38,3,29.9285624765008,1.79220453690939,0,0.150394786314074,68.1288382002757
38,4,30.4767879548306,1.7189460476788,0.0250941028858218,0.175658720200753,67.603513174404
38,1,31.81703945715,1.8848957024378,0.0125659713495853,0.21362151294295,66.0718773561196
38,6,33.41282791515,2.23421614158403,0.0125517760763148,0.200828417221037,64.1395757499686
38,7,39.1271632806622,1.7557060446451,0.0376222723852521,0.313518936543767,58.7659894657637
39,2,33.0578512396694,1.50262960180316,0.0125219133483596,0.250438266967193,65.1765589782119
39,5,62.3008405469828,3.06109647472086,0.0125454773554134,0.376364320662401,34.2491531802785
39,3,32.5263421976919,1.7059708981435,0.0125439036628199,0.163070747616658,65.5920722528851
39,4,31.4740536475307,1.51667084482326,0.0250689395838556,0.137879167711206,66.846327400351
39,1,30.3495096806638,1.57153633392004,0.0125722906713603,0.0880060346995223,67.9783756600453
39,7,40.7728014050935,1.64345753355915,0.0627273867770669,0.175636682975787,57.3453769915945
39,6,33.4503950834065,1.89389188511225,0.0376269910949454,0.188134955474727,64.4299510849116
40,2,27.5926853707415,1.82865731462926,0.0250501002004008,0.125250501002004,70.4283567134269
40,5,57.8848088531187,3.25704225352113,0.0125754527162978,0.301810865191147,38.5437625754527
40,3,28.4335839598997,1.74185463659148,0.012531328320802,0.162907268170426,69.6491228070175
40,4,29.5742810498556,1.82092176315459,0.0502323245008163,0.163255054627653,68.3913098078614
40,1,28.116378229245,1.9061951341861,0.0376222723852521,0.163029847002759,69.7767745171808
40,7,34.9166562225843,1.62927685173581,0.0125328988595062,0.150394786314074,63.2911392405063
40,6,35.2860182751283,2.07785705344849,0.125172111653524,0.200275378645638,62.310677181124
41,2,28.5875422985337,1.95513222208297,0.0250657977190124,0.162927685173581,69.2693319964908
41,5,59.0372046254399,3.75816993464052,0.289089994972348,0.477626948215184,36.4253393665158
41,3,28.14221331998,1.97796695042564,0.0125187781672509,0.175262894341512,69.6920380570856
41,4,28.8365095285858,1.80541624874624,0.0125376128385155,0.162988966900702,69.1825476429288
41,1,29.5477386934673,1.89698492462312,0.0125628140703518,0.188442211055276,68.3542713567839
41,7,36.8032068144808,1.99173243141676,0.0250532381310284,0.200425905048227,60.9795816109232
41,6,33.7647650163358,2.19904498617743,0.301583312390048,0.201055541593365,63.5335511435034
42,2,30.0928248871049,1.96939287506272,0.0501756146512795,0.125439036628199,67.7621675865529
42,5,59.0098014576527,3.56873586328223,0.21362151294295,0.339281226438804,36.8685599396833
42,3,31.1959924859111,1.87852222917971,0.050093926111459,0.0876643706950532,66.7877269881027
42,6,35.1807831852871,2.25197047416489,0.0375328412360816,0.212686100337796,62.3170273989741
42,4,30.1993230537796,2.00576657891438,0.0250720822364297,0.137896452300364,67.6319418327692
42,1,29.7795038837384,2.0922074668003,0.0250563768479078,0.150338261087447,67.9528940115259
42,7,35.9984984984985,1.83933933933934,0.0500500500500501,0.162662662662663,61.9494494494494
43,2,26.2018027040561,1.80270405608413,0.0250375563345018,0.175262894341512,71.7951927891838
43,5,52.6672524162169,3.35132421237605,0.0251035521526296,0.364001506213129,43.5923183130413
43,3,26.2235573914132,1.75240956314933,0,0.137689322818876,71.8863437226186
43,4,27.3148728229545,1.77922566094474,0.0125297581756672,0.137827339932339,70.7555444179927
43,6,31.0695455686668,2.04619633442129,0.0125533517449159,0.263620386643234,66.6080843585237
43,1,26.1507588109871,1.7935532421924,0.0250846607299636,0.1379656340148,71.8926376520757
43,7,31.3870442300464,1.85440420999875,0.0250595163513344,0.213005888986343,66.5204861546172
44,2,32.4030037546934,1.95244055068836,0.0250312891113892,0.137672090112641,65.4818523153942
44,5,59.5883534136546,3.32580321285141,0.0125502008032129,0.251004016064257,36.8222891566265
44,3,30.7152699486409,1.70362019290993,0.0375798571965427,0.100212952524114,67.430790429663
44,4,31.000251319427,1.84719778838904,0.0753958280975119,0.18848957024378,66.8886654938427
44,6,37.0630246836236,2.10499937351209,0.0250595163513344,0.187946372635008,60.618970053878
44,1,30.421686746988,1.9578313253012,1.90763052208835,0.238453815261044,65.4743975903614
44,7,37.112366603892,1.95856873822976,0.0125549278091651,0.163214061519146,60.7532956685499
45,2,29.8423423423423,1.82682682682683,0.0125125125125125,0.162662662662663,68.1556556556557
45,5,57.0134608126808,3.34633287205938,0.0125801987671405,0.389986161781356,39.2376399547113
45,3,29.7693657558285,1.88017046878917,0.0250689395838556,0.175482577086989,68.1499122587115
45,4,29.809141135108,1.84580612757408,0.301356102461075,0.188347564038172,67.8553490708187
45,1,31.2366603892028,1.95856873822976,0.0251098556183302,0.225988700564972,66.5536723163842
45,6,34.4161545215101,2.23253480496676,0,0.163050294744764,63.1882603787784
45,7,35.4362248091125,2.19051195393666,0.0125172111653524,0.237827012141695,62.1229190136438
46,5,62.2598870056497,1.70747018204645,0.0251098556183302,0.64030131826742,35.3672316384181
46,2,39.1468005018821,0.840652446675031,0.0376411543287327,0.250941028858218,59.723964868256
46,4,38.2581453634085,0.889724310776942,0.050125313283208,0.300751879699248,60.5012531328321
46,3,39.5063275278787,1.05249968675605,0.0250595163513344,0.45107129432402,58.9650419746899
46,1,38.1959214312523,0.863255348429876,0.0250218941573877,0.400350306518203,60.5154510196422
46,6,43.5913467550331,0.925347005126923,0.0500187570338877,0.32512192072027,55.1081655620858
46,7,41.5455911823647,0.95190380761523,0.0250501002004008,0.32565130260521,57.1518036072144
47,2,53.9097744360902,1.02756892230576,0.025062656641604,0.839598997493734,44.1979949874687
47,5,75.7397191574724,2.03109327983952,0,1.41675025075226,20.8124373119358
47,3,50.413741223671,1.36659979939819,0.0125376128385155,1.15346038114343,47.0536609829488
47,4,58.1322665333167,0.525065633204151,0.0125015626953369,0.437554694336792,40.8801100137517
47,1,53.5951813276446,0.815660685154976,0.0125486259254612,0.489396411092985,45.087212950182
47,6,53.5660660660661,1.25125125125125,0.125125125125125,0.950950950950951,44.1066066066066
47,7,55.7766929528101,1.06396294905495,0.388033546125923,0.650894980598323,42.1078983602453
48,2,52.5907384230288,0.876095118898623,0,0.913642052565707,45.6070087609512
48,5,78.5123966942149,1.71550212872527,0,1.22714750813924,18.5449536689206
48,4,52.1684632740035,1.16570569064929,0.0125344697919278,0.777137127099524,45.8761594384558
48,3,50.0500876533934,1.08940646130729,0.0250438266967193,1.17705985474581,47.6584022038568
48,1,55.2052052052052,0.700700700700701,0.0125125125125125,0.613113113113113,43.4684684684685
48,6,51.2042147516307,1.12895132965379,0.802809834420472,0.689914701455093,46.1741093828399
48,7,54.5352042094713,1.62866449511401,0.663993986469557,0.613881232773741,42.5582560761714
49,2,51.1214133567222,1.25297581756672,0.0125297581756672,0.902142588648039,46.7109384788874
49,5,81.2853018702146,1.55642023346304,0,1.23007405547885,15.9282038408435
49,3,52.1384673272294,1.05355575065847,0.0125423303649818,1.1037250721184,45.6917095196287
49,4,52.8410513141427,0.951188986232791,0.0250312891113892,0.963704630788486,45.2190237797247
49,1,51.1895817680942,1.13949411470073,0.0125219133483596,0.67618332081142,46.9822188830453
49,6,57.8927634045744,0.737407824021997,0.0124984376952881,0.512435945506812,40.8448943882015
49,7,52.6771159874608,1.22884012539185,0.0125391849529781,1.00313479623824,45.0783699059561
50,2,56.6528977343848,0.63837776943297,0.0125172111653524,0.725998247590437,41.9576918262611
50,5,79.9598443970385,1.48073785920442,0,1.36780022587527,17.1916175178818
50,3,52.7516610254482,1.07809953616648,0.0125360411182149,1.02795537169362,45.1297480255735
50,4,55.2427427427427,1.001001001001,0.0125125125125125,0.950950950950951,42.7927927927928
50,1,49.0961586743661,1.16746171227718,0.0125533517449159,0.891287973889028,48.8325382877228
50,6,50.3754693366708,1.4017521902378,0.0125156445556946,1.00125156445557,47.2090112640801
50,7,57.6114171256885,0.450676014021032,0,0.463194792188282,41.4747120681021
51,2,51.8119122257053,1.11598746081505,0.0125391849529781,1.01567398119122,46.0438871473354
51,5,76.7968945654896,1.85324317555723,0.0125219133483596,1.67793638868019,19.6594039569246
51,3,53.6921151439299,0.951188986232791,0.0125156445556946,0.951188986232791,44.3929912390488
51,1,51.2286860581745,1.10330992978937,0.0125376128385155,0.977933801404213,46.6775325977934
51,4,49.1480831871711,1.21523427712353,0.501127536958156,0.789275870709095,48.3462791280381
51,6,54.8278021289919,1.1020663744521,0.0250469630557295,0.701314965560426,43.3437695679399
51,7,55.2687633128681,0.801904523242701,0.0125297581756672,0.676606941486029,43.2276657060519
52,2,50.4769076305221,1.30522088353414,1.19226907630522,1.14206827309237,45.8835341365462
52,5,84.8291400675929,1.21416948303918,1.03892852672425,1.18913506070847,11.7161096507698
52,3,50.8159678634195,1.18001506402209,0.941501380868692,1.19256841576701,45.8699472759227
52,1,53.3091000250689,1.02782652293808,0.852343945851091,0.827275006267235,43.9834544998747
52,4,55.5124515079464,0.875985483669128,0.463020898510825,0.600675760230259,42.5478663496433
52,7,50.1946502574407,1.29348235589602,0.0251161622504081,1.19301770689439,47.2937335175185
52,6,52.0114942528736,1.18690654672664,0.0124937531234383,1.03698150924538,45.752123938031
53,2,53.3817635270541,0.989478957915832,0.0125250501002004,0.914328657314629,44.7019038076152
53,5,79.1316350859581,1.58112686660811,0,1.40544610365165,17.8817919437822
53,3,53.5955900776748,0.902029566524681,0,0.864445001252819,44.6379353545477
53,1,54.6046861295577,0.85202355594537,0.0125297581756672,0.789374765067034,43.7413857912542
53,4,47.5915704967386,1.73105870546914,0.225790265930758,1.06623181133969,49.3853487205218
53,7,55.5986488177155,0.775678718879019,0.0125109470786939,0.663080195170774,42.950081321156
53,6,52.7197699137176,1.16293610103789,0.0125046892584719,0.950356383643866,45.1544329123421
54,2,50.4510147832623,1.10248058130794,0.0125281884239539,0.839388624404911,47.5945878226009
54,5,77.3610936912078,1.76846858146244,0.0125423303649818,1.22914837576822,19.6287470211965
54,3,52.1995237498433,1.2031582905126,0.0250657977190124,1.02769770647951,45.5445544554455
54,1,52.4852885939652,0.826342807061475,0.0125203455615375,0.85138349818455,45.8244647552272
54,7,52.7120130276838,0.977076287110109,0.0125266190655142,0.651384191406739,45.6469998747338
54,4,53.2916145181477,0.913642052565707,0,0.81351689612015,44.9812265331665
54,6,51.3090316923462,1.11486909683077,0.0250532381310284,1.06476262056871,46.4862833521233
55,2,56.8696087010876,0.637579697462183,0.0250031253906738,0.475059382422803,41.9927490936367
55,5,77.5535781426244,1.72954004261186,0,1.40368467226469,19.3131971424991
55,3,50.6273525721455,1.16687578419072,0,0.95357590966123,47.2521957340025
55,1,51.4626490897677,0.866290018832392,0.0125549278091651,0.564971751412429,47.0809792843691
55,7,56.1787905346188,0.7011393514461,0.025040691123075,0.813822461499937,42.2812069613121
55,4,49.0409928544566,1.69236555095901,0.0125360411182149,1.35389244076721,47.900213112699
55,6,55.5207811717576,0.876314471707561,0,0.676014021031547,42.9268903355033
56,2,54.1004131714035,0.763741079253787,0.0125203455615375,0.7011393514461,44.422186052335
56,5,80.1975246905863,1.46268283535442,0,1.07513439179897,17.2646580822603
56,3,50.3763171098846,1.16658304064225,0.0125439036628199,1.10386352232815,47.3406924234822
56,1,46.122860020141,1.23363544813696,0,0.893756294058409,51.7371601208459
56,7,54.4370528429773,0.765658340655203,0.0125517760763148,0.60248525166311,44.1822517886281
56,4,53.4761367906802,0.901916572717024,0.0125266190655142,0.789177001127396,44.8202430164099
56,6,52.1831602652321,1.10096334292506,0.0125109470786939,1.0133867133742,45.68997873139
57,2,55.1806024246969,0.974878140232471,0.0124984376952881,0.674915635545557,43.1571053618298
57,5,79.1093319989993,1.67625719289467,0.0125093820365274,1.51363522641981,17.6882661996497
57,3,53.1770898608848,0.88983581902494,0,0.864770021305928,45.0683042987843
57,7,55.8031801677726,0.939025917115312,0.0125203455615375,0.626017278076875,42.6192562914736
57,1,52.4799599198397,1.10220440881764,0,0.92685370741483,45.4909819639279
57,6,53.6251881585549,0.92824887104867,0,0.94079277471149,44.5057701956849
57,4,47.8359051561912,1.55563919207126,0.0125454773554134,1.24200225818592,49.3539079161962
58,5,75.1535665036981,1.8553340854958,0.0125360411182149,1.46671681083114,21.5118465588567
58,2,53.4100863471405,0.93855587535978,0.0125140783381304,0.800901013640345,44.8379426855212
58,3,54.7150907952411,0.839073262366938,0.0375704445835942,0.901690670006262,43.5065748278021
58,7,54.2409033877039,0.890840652446675,0.0250941028858218,0.777917189460477,44.0652446675031
58,1,52.0566842237271,0.90293453724605,0.0250815149235014,0.877853022322548,46.1374467017808
58,6,50.5705329153605,1.32915360501567,0.0125391849529781,1.27899686520376,46.8087774294671
58,4,53.163763939356,1.01491041222904,0.0125297581756672,0.814434281418369,44.994361608821
59,5,80.2905083896819,1.52767342849987,0,1.46506386175808,16.7042324067117
59,2,54.0087554721701,0.787992495309568,0.0125078173858662,0.737961225766104,44.4527829893684
59,3,53.1978931527464,0.928016052169551,0.0125407574617507,1.04088286932531,44.820667168297
59,7,53.6108324974925,0.940320962888666,0.0125376128385155,0.952858575727182,44.4834503510532
59,1,50.589859437751,1.07931726907631,0.0251004016064257,0.828313253012048,47.4774096385542
59,4,51.179718875502,1.28012048192771,0.0125502008032129,1.02911646586345,46.4984939759036
59,6,52.9875986471251,1.29024176374796,0,0.964549668044595,44.7576099210823
60,5,78.9229805886036,1.61552911709455,0,1.28991859737007,18.1715716969317
60,2,49.9685969099359,1.18075618640874,0.0125612360256249,0.992337646024369,47.8331867855797
60,3,53.9551209727968,0.802306631565752,0.0125360411182149,0.752162467092892,44.4778738874263
60,7,53.4337727558067,1.02950408035154,0.0125549278091651,0.652856246076585,44.8713119899561
60,1,53.2496863237139,0.840652446675031,0.0125470514429109,0.853199498117942,45.0439146800502
60,4,54.1207414829659,0.789078156312625,0.0125250501002004,0.551102204408818,44.5140280561122
60,6,52.108622199975,1.18883744212239,0.0250281566762608,1.06369665874108,45.6138155424853
61,5,79.8798046826092,1.41479904845374,0.0125203455615375,1.3021159383999,17.3907599849756
61,2,52.0757556754045,1.21660604540324,0.0125423303649818,1.09118274175342,45.6039132070739
61,3,52.7930861723447,1.11472945891784,0.0250501002004008,0.95190380761523,45.1027054108216
61,7,53.0008770830723,1.11514847763438,0.0250595163513344,0.939731863175041,44.9066533015913
61,1,51.0907723169509,0.877632898696088,0.0250752256770311,0.777331995987964,47.2291875626881
61,4,54.506813351669,1.10013751718965,0.0250031253906738,0.900112514064258,43.4679334916865
61,6,52.0705617415238,1.12598523708245,0.0125109470786939,1.0133867133742,45.7775553609408
62,5,73.982212200927,1.66604033571339,0.0250532381310284,1.36540147814105,22.9612927470876
62,2,55.7292969727295,0.562922191643733,0.0250187640730548,0.400300225168877,43.2824618463848
62,3,41.5276558384548,1.04101342029349,0,0.840336134453782,56.5909946067979
62,7,48.2715430861723,0.93937875751503,0,0.889278557114228,49.8997995991984
62,1,45.2697616060226,0.928481806775408,0.0125470514429109,0.627352572145546,53.1618569636136
62,4,45.5378436048701,1.38069536839463,0.0251035521526296,1.20497050332622,51.8513869712564
62,6,44.779292234588,1.15043141177942,0.0125046892584719,0.887832937351507,53.1699387270226
