moment,node,user,system,iowait,softirq,idle
1,1,0.0499562882477832,0.0124890720619458,0,0,99.9375546396903
1,3,0.0374625374625375,0.024975024975025,0,0,99.9375624375624
1,7,0.0374718960779415,0.024981264051961,0.0124906320259805,0,99.9250562078441
1,4,0.0624219725343321,0.0249687890137328,0,0,99.9126092384519
1,2,0.0499562882477832,0.0249781441238916,0,0,99.9250655676283
1,5,0.0499438132101386,0,0,0,99.9500561867899
1,6,0.0499438132101386,0.0374578599076039,0,0,99.9125983268823
2,1,0.0374859427714607,0.0249906285143071,0,0,99.9375234287142
2,7,0.0374718960779415,0.0374718960779415,0,0,99.9250562078441
2,4,0.150037509377344,0.200050012503126,0.125031257814454,0.0250062515628907,99.4998749687422
2,3,0.32504063007876,0.362545318164771,0,0.0375046880860107,99.2749093636705
2,5,3.83702037245344,0.774903137107862,0.0249968753905762,0.0124984376952881,95.3505811773528
2,2,0.024981264051961,0.024981264051961,0,0,99.9500374718961
2,6,0.0874235044336206,0.0999125764955664,0,0.0124890720619458,99.8001748470089
3,5,13.8694347173587,1.02551275637819,0,0,85.1050525262631
3,1,5.12371907023244,0.937265683579105,0,0.0124968757810547,93.9265183704074
3,2,5.72285392977633,0.899662626515057,0,0.0249906285143071,93.3524928151943
3,4,5.54165624218164,1.06329747310483,0.0375281461095822,0.0125093820365274,93.3450087565674
3,3,5.4549993758582,1.08600674073149,0.024965672200724,0.012482836100362,93.4215453751092
3,7,5.17435320584927,0.899887514060742,0,0.0249968753905762,93.9007624046994
3,6,5.24012006003001,1.00050025012506,0.237618809404702,0.0375187593796898,93.4842421210605
4,1,6.16789690979607,0.400350306518203,0.275240835731265,0,93.1565119479545
4,5,13.3066533266633,1.02551275637819,0.0250125062531266,0.0250125062531266,85.6178089044522
4,4,5.55694305694306,0.34965034965035,0.0124875124875125,0,94.0809190809191
4,7,6.15615615615616,0.525525525525526,0.187687687687688,0,93.1306306306306
4,3,6.64671405412146,0.486344930789375,0.0124703828407532,0,92.8544706322484
4,2,8.3989501312336,0.774903137107862,0.0374953130858643,0.0124984376952881,90.7761529808774
4,6,5.96996245306633,0.48811013767209,0,0,93.5419274092616
5,1,14.8719879518072,1.28012048192771,0.0376506024096386,0.0627510040160643,83.7474899598394
5,5,20.737039350406,1.52404747033104,0.0624609618988132,0.0624609618988132,77.6139912554653
5,2,14.6775203506575,1.0644959298685,0,0.050093926111459,84.2078897933626
5,4,14.3679599499374,1.3892365456821,0,0.0125156445556946,84.2302878598248
5,7,15.605852194573,1.25046892584719,0.0250093785169439,0.0375140677754158,83.0811554332875
5,3,15.2944111776447,1.21007984031936,0,0.0374251497005988,83.4580838323353
5,6,14.3161056188212,1.23889375547491,0.0125140783381304,0.0250281566762608,84.4074583906895
6,1,50.7177630757708,12.8698040194732,0,0.024965672200724,36.3874672325552
6,3,49.4631710362047,15.2184769038702,0,0.0249687890137328,35.2933832709114
6,2,50.450112528132,13.8034508627157,0,0.0250062515628907,35.7214303575894
6,5,56.8267066766692,12.1530382595649,0,0.0625156289072268,30.9577394348587
6,4,49.2503748125937,15.0924537731134,0,0.0374812593703148,35.6196901549225
6,7,50,13.9360639360639,0,0.0374625374625375,36.0264735264735
6,6,52.2548407245472,11.630231105559,0,0.0499687695190506,36.0649594003748
7,1,75.0343621142072,18.8429338997876,0.0249906285143071,0.0749718855429214,6.02274147194802
7,2,74.1846807447207,22.454079720105,0.0124953142571536,0.0249906285143071,3.32375359240285
7,4,76.0179865101174,20.9842618036473,0.0124906320259805,0.0499625281039221,2.93529852610542
7,3,59.8726114649682,19.5329087048832,0.0499562882477832,0.0249781441238916,20.5195453977769
7,5,74.6753246753247,19.0559440559441,0.0124875124875125,0.0124875124875125,6.24375624375624
7,7,74.7188202949263,19.7700574856286,0.0499875031242189,0.0624843789052737,5.39865033741565
7,6,48.2448469706434,16.6895690193629,0.0499687695190506,0.0124921923797626,35.0031230480949
8,1,43.6857930343272,11.676271611125,0,0.0876973189676773,44.5502380355801
8,2,34.4525181658732,9.29591581057379,0.0250563768479078,0.0250563768479078,56.2014532698572
8,4,47.9028421184425,12.3325403781144,0,0.112683110053837,39.6519343933893
8,3,12.4561842764146,1.3770655983976,0.13770655983976,0.162744116174261,85.8662994491738
8,5,14.112044115804,3.00789572628149,0,0.413585662363705,82.4664744955508
8,7,47.3025409938666,13.1555889347853,0.0125172111653524,0.0500688446614094,39.4792840155213
8,6,9.2125,1.6875,0.05,0.1875,88.8625
9,1,4.85971943887776,0.713927855711423,0.0125250501002004,0.0250501002004008,94.3887775551102
9,2,0.124984376952881,0.0749906261717285,0.0124984376952881,0,99.7875265591801
9,4,2.59073842302879,0.48811013767209,0.287859824780976,0.0375469336670839,96.5957446808511
9,3,15.383652522218,1.68982350732257,0.21279258981099,0.0751032669921142,82.6386281136563
9,5,16.4055646070936,2.88256673768643,0.250657977190124,0.175460584033087,80.2857500939967
9,7,3.59198998748436,0.763454317897372,0.0125156445556946,0.0250312891113892,95.6070087609512
9,6,8.72995991983968,0.976953907815631,0.0125250501002004,0.0876753507014028,90.1928857715431
10,1,0.137431284357821,0.487256371814093,0.0374812593703148,0,99.3378310844578
10,2,0.149812734082397,0.524344569288389,0.34956304619226,0,98.976279650437
10,4,0.0749437921558831,0.649512865350987,0.0124906320259805,0,99.2630527104672
10,3,0.0999625140572285,0.362364113457453,0.562289141571911,0,98.9753842309134
10,5,0.149943771085843,0.412345370486068,0,0,99.4377108584281
10,7,0.187312687312687,0.4995004995005,0,0,99.3131868131868
10,6,0.137431284357821,0.28735632183908,0.249875062468766,0.0124937531234383,99.3128435782109
11,1,0.0624687656171914,0.0249875062468766,0.0249875062468766,0,99.8875562218891
11,2,0.0749437921558831,0.024981264051961,0.0999250562078441,0,99.8001498875843
11,4,0.0624531601299026,0.0374718960779415,0.224831376467649,0,99.6752435673245
11,3,0.0624375624375624,0.0374625374625375,0.0124875124875125,0,99.8876123876124
11,5,0.087456271864068,0.0499750124937531,0.0999500249875062,0,99.7626186906547
11,7,0.0499750124937531,0.0374812593703148,0.0124937531234383,0,99.9000499750125
11,6,0.0624687656171914,0.0249875062468766,0.0249875062468766,0,99.8875562218891
12,1,0.0749437921558831,0.024981264051961,0,0,99.9000749437922
12,2,0.0624531601299026,0.0749437921558831,0.0999250562078441,0,99.7626779915064
12,4,0.0499812570286143,0.0124953142571536,0.0124953142571536,0,99.9250281144571
12,3,0.124859533025346,0.0499438132101386,0.0249719066050693,0,99.8002247471594
12,5,0.112471882029493,0.0249937515621095,0.174956260934766,0,99.6875781054736
12,7,0.0624609618988132,0.0374765771392879,0.0124921923797626,0,99.8875702685821
12,6,0.0875,0.0375,0.0125,0,99.8625
13,1,0.0625,0.0125,0,0,99.925
13,2,0.0624531601299026,0.0374718960779415,0,0,99.9000749437922
13,4,0.0624531601299026,0,0.0124906320259805,0,99.9250562078441
13,3,0.0499562882477832,0.0499562882477832,0.0124890720619458,0,99.8875983514425
13,5,0.0749157198152079,0.0374578599076039,0.0249719066050693,0,99.8626545136721
13,7,0.0874125874125874,0.024975024975025,0.0124875124875125,0,99.8751248751249
13,6,0.0874016731177425,0.0249719066050693,0,0,99.8876264202772
14,1,0.0624531601299026,0.0374718960779415,0.024981264051961,0,99.8750936797402
14,2,0.0749437921558831,0.0124906320259805,0,0,99.9125655758181
14,4,0.0749344323716748,0.0374672161858374,0,0,99.8875983514425
14,3,0.0749344323716748,0.0249781441238916,0,0,99.9000874235044
14,5,0.112457828314382,0.0499812570286143,0,0,99.837560914657
14,7,0.124859533025346,0.0374578599076039,0,0,99.8376826070671
14,6,0.0873907615480649,0.0249687890137328,0,0.0124843945068664,99.8751560549313
15,1,0.137328339575531,0.0249687890137328,0,0,99.8377028714107
15,2,0.0749437921558831,0.024981264051961,0,0,99.9000749437922
15,4,0.0624687656171914,0.0249875062468766,0,0,99.9125437281359
15,3,0.0624687656171914,0.0124937531234383,0,0,99.9250374812594
15,5,0.0998876264202772,0.0624297665126732,0.0124859533025346,0,99.8251966537645
15,7,0.0749531542785759,0.0249843847595253,0,0,99.9000624609619
15,6,0.0624531601299026,0.0499625281039221,0,0,99.8875843117662
16,1,0.0624687656171914,0.0249875062468766,0,0,99.9125437281359
16,2,0.149794033204344,0.024965672200724,0.012482836100362,0,99.8127574584946
16,4,0.0374765771392879,0.0374765771392879,0.0124921923797626,0,99.9125546533417
16,3,0.0874235044336206,0.0374672161858374,0,0,99.8751092793805
16,5,0.124890720619458,0.0374672161858374,0,0,99.8376420631947
16,7,0.0999000999000999,0.0374625374625375,0,0,99.8626373626374
16,6,0.0499562882477832,0.0249781441238916,0.0124890720619458,0,99.9125764955664
17,1,0.0499562882477832,0.0249781441238916,0.0124890720619458,0,99.9125764955664
17,2,0.0374672161858374,0.0374672161858374,0.0124890720619458,0,99.9125764955664
17,4,0.137345486327881,0,0,0,99.8626545136721
17,3,0.0874344241818636,0.0374718960779415,0,0,99.8750936797402
17,5,0.0999125764955664,0.0499562882477832,0,0,99.8501311352566
17,6,0.137294058911633,0.0499251123315027,0,0,99.8127808287569
17,7,0.0499687695190506,0.0374765771392879,0,0,99.9125546533417
18,1,0.0624687656171914,0.0124937531234383,0,0,99.9250374812594
18,2,0.0874453466583385,0.0124921923797626,0,0,99.9000624609619
18,4,0.0499625281039221,0.0624531601299026,0,0,99.8875843117662
18,3,0.0998876264202772,0.0374578599076039,0,0,99.8626545136721
18,5,0.199725377605792,0.024965672200724,0,0,99.7753089501935
18,6,0.0374765771392879,0.0249843847595253,0,0,99.9375390381012
18,7,0.0374859427714607,0.0374859427714607,0,0,99.9250281144571
19,1,0.0749625187406297,0.0249875062468766,0,0,99.9000499750125
19,2,0.124859533025346,0.0249719066050693,0.0249719066050693,0,99.8251966537645
19,4,0.0499625281039221,0.0124906320259805,0,0,99.9375468398701
19,3,0.0749437921558831,0.0374718960779415,0,0,99.8875843117662
19,5,0.0999500249875062,0.0374812593703148,0,0,99.8625687156422
19,6,0.199825152991133,0.0374672161858374,0,0,99.762707630823
19,7,0.0749344323716748,0.0249781441238916,0,0,99.9000874235044
20,1,0.112401648557512,0.0374672161858374,0.0374672161858374,0,99.8126639190708
20,2,0.137396952285786,0.024981264051961,0,0,99.8376217836623
20,4,0.0874235044336206,0.0249781441238916,0.0374672161858374,0,99.8501311352566
20,3,0.0749437921558831,0.0374718960779415,0.0499625281039221,0,99.8376217836623
20,5,0.249719066050693,0.0624297665126732,0.0124859533025346,0,99.6753652141341
20,6,0.187312687312687,0.04995004995005,0.0374625374625375,0,99.7252747252747
20,7,0.199725377605792,0.037448508301086,0,0,99.7628261140931
21,1,0.112471882029493,0.0249937515621095,0,0,99.8625343664084
21,2,0.112373579722812,0.0499438132101386,0,0,99.8376826070671
21,4,0.0499812570286143,0.0124953142571536,0,0,99.9375234287142
21,3,0.0874344241818636,0.0499625281039221,0,0,99.8626030477142
21,5,0.0749718855429214,0.0249906285143071,0,0,99.9000374859428
21,6,0.0749344323716748,0.0499562882477832,0.0124890720619458,0,99.8626202073186
21,7,0.062445360309729,0.0374672161858374,0.0124890720619458,0,99.8875983514425
22,1,0.0624609618988132,0.0249843847595253,0,0,99.9125546533417
22,2,0.162337662337662,0.0374625374625375,0,0,99.8001998001998
22,4,0.062445360309729,0.0249781441238916,0,0,99.9125764955664
22,3,0.174803346235485,0.0499438132101386,0,0,99.7752528405544
22,5,0.18728929953802,0.0499438132101386,0,0.0124859533025346,99.7502809339493
22,6,0.124906320259805,0.0124906320259805,0,0,99.8626030477142
22,7,0.0874235044336206,0.0374672161858374,0,0,99.8751092793805
23,1,0.0749718855429214,0.0374859427714607,0,0,99.8875421716856
23,2,0.112359550561798,0.0374531835205993,0,0,99.8501872659176
23,4,0.0499625281039221,0.0374718960779415,0.024981264051961,0,99.8875843117662
23,3,0.112387612387612,0.0374625374625375,0,0,99.8501498501498
23,5,0.149943771085843,0.0249906285143071,0,0,99.8250656003999
23,6,0.112387612387612,0.04995004995005,0.0124875124875125,0,99.8251748251748
23,7,0.0124953142571536,0.0374859427714607,0,0,99.9500187429714
24,1,0.0624687656171914,0.0124937531234383,0,0,99.9250374812594
24,4,0.0499937507811524,0.0374953130858643,0,0,99.912510936133
24,2,0.0999125764955664,0.0249781441238916,0,0,99.8751092793805
24,3,0.0874453466583385,0.0249843847595253,0,0,99.8875702685821
24,5,0.0999250562078441,0.0499625281039221,0,0,99.8501124156882
24,6,0.0749250749250749,0.024975024975025,0,0,99.9000999000999
24,7,0.112401648557512,0.0374672161858374,0,0,99.8501311352566
25,1,4.1890709015881,0.200075028135551,0,0.0250093785169439,95.5858446917594
25,4,4.55,0.2375,0,0.0375,95.175
25,2,3.07039440838742,0.199700449326011,0,0.0124812780828757,96.7049425861208
25,3,5.3210092430677,0.187359480389708,0,0.0124906320259805,94.4791406445166
25,5,7.59620189905047,0.274862568715642,0.0499750124937531,0.0624687656171914,92.0164917541229
25,6,6.05378361475922,0.175109443402126,0,0.0250156347717323,93.7460913070669
25,7,3.46033728919425,0.212367270455965,0.0124921923797626,0,96.31480324797
26,1,23.279758915118,1.5318935208438,0.0125565042692115,0.150678051230537,75.0251130085384
26,4,20.4519915095518,1.19865151704333,0.124859533025346,0.0998876264202772,78.1246098139593
26,2,20.176322418136,1.18387909319899,0.0251889168765743,0.0881612090680101,78.5264483627204
26,3,18.6306532663317,1.0427135678392,0,0.0628140703517588,80.2638190954774
26,5,31.1306532663317,1.93467336683417,0.050251256281407,0.21356783919598,66.6708542713568
26,6,20.375,1.175,0.0125,0.1,78.3375
26,7,18.2126696832579,1.20663650075415,0.012569130216189,0.0628456510809452,80.5052790346908
27,1,11.0318056599048,1.11445028800401,0.0375657400450789,0.0626095667417981,87.7535687453043
27,4,8.78928258419932,0.75122073369225,0.0125203455615375,0.0876424189307625,90.3593339176161
27,2,9.19237521946325,0.714823175319789,0.0125407574617507,0.0627037873087535,90.0175570604464
27,3,11.202492211838,1.33333333333333,0,0.0623052959501558,87.4018691588785
27,5,20.2029058116232,3.1563126252505,0.0125250501002004,0.162825651302605,76.4654308617234
27,6,8.82426673351717,0.726999247931812,0.0125344697919278,0.0501378791677112,90.3860616695914
27,7,9.00100150225338,0.776164246369554,0,0.0500751126690035,90.1727591387081
28,1,42.5231307826957,15.9789947486872,0.0125031257814454,0.0250062515628907,41.4603650912728
28,4,40.3,18.175,0,0.025,41.5
28,2,32.3455863965992,13.4658664666167,0,0,54.1885471367842
28,3,32.0044988752812,12.4718820294926,0.0249937515621095,0.0374906273431642,55.4611347163209
28,5,60.1774334624516,23.4537048606772,0.0124953142571536,0.0499812570286143,16.3063851055854
28,6,38.2393397524072,14.4804301613105,0,0.0375140677754158,47.2427160185069
28,7,34.8723723723724,11.9494494494494,0.025025025025025,0.025025025025025,53.1281281281281
29,1,41.643767174619,14.6140394703972,0,0.024981264051961,43.7172120909318
29,4,41.2728182045511,14.6161540385096,0,0.0250062515628907,44.0860215053763
29,2,37.2063968015992,12.6311844077961,0,0.0124937531234383,50.1499250374813
29,5,58.0165082541271,19.8224112056028,0,0.0375187593796898,22.1235617808904
29,3,46.4633841539615,15.0212446888278,0,0.0124968757810547,38.5028742814296
29,6,45.1031894934334,15.2095059412133,0,0,39.6873045653533
29,7,32.7420362273579,11.5053091817614,0,0.0249843847595253,55.7276702061212
30,1,47.1433929241155,15.3519189898737,0,0.0250031253906738,37.4796849606201
30,4,39.6002498438476,15.0031230480949,0,0.0499687695190506,45.3466583385384
30,2,33.9625,14.0375,0.025,0.0125,51.9625
30,5,54.1807274090739,20.5974253218348,0,0.0374953130858643,25.1843519560055
30,3,37.2316525212182,12.8432351472791,0,0.0249625561657514,49.900149775337
30,6,41.4396400899775,14.0214946263434,0,0.0124968757810547,44.526368407898
30,7,35.4278575890069,12.7670206121174,0,0.0374765771392879,51.7676452217364
31,1,42.6839935024366,15.1193302511558,0,0.0249906285143071,42.1716856178933
31,4,38.957630296213,13.6732908386452,0.0124984376952881,0.0249968753905762,47.331583552056
31,2,38.5182408795602,15.8920539730135,0.0124937531234383,0.0374812593703148,45.5397301349325
31,5,53.2540675844806,20,0,0.0500625782227785,26.6958698372966
31,3,40.7,15.6625,0.0125,0.0125,43.6125
31,6,39.880059970015,14.5552223888056,0,0.0249875062468766,45.5397301349325
31,7,30.6239839939978,11.366762535951,0,0.0125046892584719,57.9967487807928
32,1,39.9150212446888,13.3966508372907,0,0.0124968757810547,46.6758310422394
32,4,39.8950131233596,14.4981877265342,0.0124984376952881,0.0499937507811524,45.5443069616298
32,5,56.7570946368296,17.9647455931992,0,0.0500062507813477,25.2281535191899
32,2,35.2352352352352,13.1256256256256,0.025025025025025,0.0125125125125125,51.6016016016016
32,3,38.6153461634591,13.8590352411897,0,0.0249937515621095,47.5006248437891
32,6,41.4180501810011,12.5577331169642,0,0.024965672200724,45.999251029834
32,7,33.6126047267725,13.4550456421158,0,0.0250093785169439,52.8948355633363
33,1,28.7337662337662,7.82967032967033,0,0.024975024975025,63.4115884115884
33,2,24.9187703074231,6.79830042489378,0.0124968757810547,0.0249937515621095,68.2454386403399
33,5,40.7731765294633,13.1865382209433,0.0125109470786939,0.0250218941573877,46.0027524083573
33,4,23.1143856143856,6.96803196803197,0.024975024975025,0.0124875124875125,69.8801198801199
33,3,24.0914200074934,6.29449231922068,0.0124890720619458,0.0374672161858374,69.5641313850381
33,6,23.6993496748374,9.96748374187094,0.0125062531265633,0.0375187593796898,66.2831415707854
33,7,23.6345456817898,8.69891263592051,0,0.0249968753905762,67.6415448068991
34,1,35.9740097463451,13.3699862551543,0.0124953142571536,0.0374859427714607,50.6060227414719
34,2,26.0037523452158,11.494684177611,0.0125078173858662,0.0500312695434647,62.4390243902439
34,4,37.6016006002251,12.0545204451669,0,0.0375140677754158,50.3063648868326
34,5,52.7565945743218,22.152769096137,0.0125015626953369,0.0500062507813477,25.0281285160645
34,3,33.2791802049488,15.0337415646088,0.0124968757810547,0.0124968757810547,51.6620844788803
34,7,32.5093632958801,10.0374531835206,0,0.0249687890137328,57.4282147315855
34,6,39.732700474644,12.5655758181364,0.0124906320259805,0.024981264051961,47.6642518111416
35,1,45.8838226108682,14.3910056214866,0,0.0249843847595253,39.7001873828857
35,2,35.1138353765324,11.6087065298974,0,0.0250187640730548,53.2524393294971
35,4,40.7148212946763,16.0834791302174,0,0.0124968757810547,43.1892026993252
35,5,59.5726068482879,18.0579855036241,0,0.0249937515621095,22.3444138965259
35,3,35.1469668542839,12.0825515947467,0,0.0250156347717323,52.7454659161976
35,7,29.3845384038029,12.4343257443082,0,0,58.1811358518889
35,6,42.0670670670671,15.7532532532533,0,0.025025025025025,42.1546546546547
36,1,29.282320580145,11.5903975993999,0,0,59.1272818204551
36,5,49.55563900363,17.6617849543122,0,0.0125172111653524,32.7700588308925
36,2,16.9311508184431,8.78420592277896,0.0249906285143071,0.0249906285143071,74.2346620017493
36,4,23.6161439460202,8.9341496938648,0,0.0249906285143071,67.4247157316007
36,3,26.8792995622264,9.46841776110069,0.0375234521575985,0.0125078173858662,63.6022514071295
36,6,25.1000500250125,11.0805402701351,0,0.0125062531265633,63.8069034517259
36,7,20.6400800100012,8.3635454431804,0,0.0125015626953369,70.983872984123
37,1,44.0389902524369,13.6715821044739,0.0374906273431642,0.0124968757810547,42.239440139965
37,2,35.0081239845019,13.44831896013,0,0.0124984376952881,51.5310586176728
37,5,60.7539633004619,17.725627262514,0,0.012482836100362,21.5079266009237
37,4,38.6806596701649,11.8940529735132,0.0124937531234383,0.0249875062468766,49.3878060969515
37,3,37.4421802725341,13.0891361420178,0,0.0125015626953369,49.4561820227528
37,6,38.2154461384654,12.3094226443389,0,0.0124968757810547,49.4626343414146
37,7,33.1750593527427,11.63313757341,0,0.0124953142571536,55.1793077595902
38,1,44.0514871282179,13.0467383154211,0,0.0249937515621095,42.8767808047988
38,5,58.5125,18.425,0,0.05,23.0125
38,2,35.1118330626015,12.7702111708109,0,0.0249906285143071,52.0929651380732
38,4,39.8950786909818,16.674993754684,0,0.0374718960779415,43.3924556582563
38,3,39.2504684572142,12.9668956901936,0,0.0124921923797626,47.7701436602124
38,6,45.9877698739548,14.7011106951204,0,0.0124797204542618,39.2986397104705
38,7,30.5406417779997,10.6005743538519,0,0.0499438132101386,58.8088400549382
39,2,38.6175807663411,14.1121963436013,0,0.0375657400450789,47.2326571500125
39,1,45.4693163354581,14.5731783527059,0,0.0249968753905762,39.9325084364454
39,5,62.2594351412147,20.1449637590602,0,0.0749812546863284,17.5206198450387
39,4,38.810446082719,14.1072097963264,0,0.0374859427714607,47.0448581781832
39,7,35.2103883131477,13.5597452865526,0.0749157198152079,0.0499438132101386,51.1050068672743
39,6,45.0794047767913,18.2943603851444,0.0125046892584719,0.0250093785169439,36.5887207702889
39,3,34.9537615596101,12.7468132966758,0,0.0249937515621095,52.274431392152
40,2,33.1126655008743,11.0167374469148,0,0.0374718960779415,55.8331251561329
40,1,44.9781113195747,16.1475922451532,0,0.0125078173858662,38.8617886178862
40,5,64.0919885014373,15.8105236845394,0,0.0249968753905762,20.0724909386327
40,7,33.7880115129521,11.0749593292454,0,0.0250281566762608,55.1120010011263
40,4,37.6807980049875,13.9900249376559,0,0.0249376558603491,48.3042394014963
40,3,37.0828646419198,14.7606549181352,0,0,48.156480439945
40,6,37.8763272954403,12.1673953778888,0,0.0374765771392879,49.9188007495315
41,2,33.3916739592449,12.4640580072509,0,0.0375046880860107,54.1067633454182
41,5,58.210447388153,17.8955261184704,0,0.0249937515621095,23.8690327418145
41,1,42.2649519290798,14.8333125234112,0,0.0374578599076039,42.8642776876015
41,7,31.6033016508254,10.2301150575288,0,0.0250125062531266,58.1415707853927
41,4,40.1623985009369,11.9925046845721,0,0.0374765771392879,47.8076202373517
41,3,41.8363522798251,11.6801998750781,0,0.0124921923797626,46.4709556527171
41,6,39.5200599925009,14.7981502312211,0,0.0374953130858643,45.6442944631921
42,1,47.8625,15.8625,0,0.0375,36.2375
42,2,37.4640490183819,14.943103663874,0.0375140677754158,0.0250093785169439,47.5303238714518
42,5,58.7293646823412,17.6463231615808,0,0.0500250125062531,23.5742871435718
42,7,35.2110916812391,12.7529352985261,0,0.0374718960779415,51.9985011241569
42,4,40.3,13.6875,0,0.025,45.9875
42,3,42.1151204894494,12.2861780496941,0,0.0374578599076039,45.5612436009489
42,6,42.001999500125,13.7465633591602,0,0.0124968757810547,44.2389402649338
43,1,34.1585396349087,11.2403100775194,0,0.0250062515628907,54.576144036009
43,5,46.7366841710428,15.6914228557139,0,0.0250062515628907,37.5468867216804
43,2,33.6915771057236,8.89777555611097,0,0.0124968757810547,57.3981504623844
43,7,33.9702760084926,11.2526539278132,0.0124890720619458,0.0124890720619458,54.7520919195704
43,4,34.6293286660833,9.45118139767471,0,0.0125015626953369,55.9069883735467
43,6,34.825,9.9,0,0.0125,55.2625
43,3,34.4034978138663,10.3935040599625,0,0.0124921923797626,55.1905059337914
44,1,39.0570285142571,13.4567283641821,0,0.0250125062531266,47.4612306153077
44,5,59.5324415551944,16.402050256282,0,0.0750093761720215,23.9904988123515
44,2,29.0568394753279,11.4553404122423,0.0249843847595253,0.0124921923797626,59.4503435352904
44,7,30.0849575212394,10.5447276361819,0,0.0499750124937531,59.320339830085
44,4,32.2330582645661,13.0032508127032,0,0.0250062515628907,54.7386846711678
44,6,32.7424790912495,12.5078017725627,0,0.012482836100362,54.7372363000874
44,3,31.0413801725216,9.87623452931616,0,0.0250031253906738,59.0573821727716
45,1,38.4365228267667,9.38086303939962,0,0.0250156347717323,52.1575984990619
45,5,56.8909454727364,17.783891945973,0,0.0250125062531266,25.3001500750375
45,2,29.8813241723923,9.84384759525297,0,0.0374765771392879,60.2373516552155
45,7,29.8824706176544,9.152288072018,0,0,60.9652413103276
45,4,37.4702865006881,12.3483047666708,0,0.0375328412360816,50.143875891405
45,6,38.2970742685671,13.6659164791198,0,0.0250062515628907,48.0120030007502
45,3,29.7686053783615,7.5797373358349,0,0.0125078173858662,62.6391494684178
46,1,36.3784053986503,12.5718570357411,0.0124968757810547,0.0374906273431642,50.9997500624844
46,5,57.3160064975634,15.4442084218418,0,0.0249906285143071,27.2147944520805
46,2,28.9197299324831,11.5778944736184,0,0.0250062515628907,59.4773693423356
46,7,30.1337332833396,10.9236345456818,0,0.0374953130858643,58.9051368578928
46,4,41.1647088227943,13.5841039740065,0.0124968757810547,0.0249937515621095,45.213696575856
46,6,37.9435282358821,12.0814592703648,0,0.0249875062468766,49.9500249875062
46,3,38.4355866550044,11.2207922029239,0,0.0249906285143071,50.3186305135574
47,1,36.9315342328836,12.1689155422289,0,0.0374812593703148,50.8620689655172
47,5,56.1061061061061,16.6291291291291,0,0.0625625625625626,27.2022022022022
47,2,27.1953965474106,11.170878158619,0,0.0250187640730548,61.6087065298974
47,7,24.256064016004,9.4273568392098,0,0.0375093773443361,66.2790697674419
47,4,31.5960504936883,12.2609673790776,0.0124984376952881,0.0249968753905762,56.1054868141482
47,6,33.1292176955761,10.4598850287428,0.0124968757810547,0.0249937515621095,56.3734066483379
47,3,31.3531765882941,9.95497748874437,0,0.0125062531265633,58.6793396698349
48,1,41.4737895658701,13.9121731515076,0,0.0375328412360816,44.5765044413862
48,5,60.4130162703379,16.9461827284105,0,0.0250312891113892,22.6157697121402
48,2,30.418488444722,10.9181761399126,0,0.0374765771392879,58.6258588382261
48,7,28.8822205551388,12.3280820205051,0,0.0500125031257814,58.7396849212303
48,4,41.3521619595101,13.7715571107223,0,0.0249937515621095,44.8512871782054
48,6,36.9434717358679,13.7568784392196,0,0.0125062531265633,49.2871435717859
48,3,34.2757067800851,13.7728296222167,0,0.0125093820365274,51.9389542156617
49,1,41.3909351979024,12.985391434636,0,0.0124859533025346,45.6111874141591
49,5,56.8375,18.5875,0,0.0625,24.5125
49,2,29.3698424606152,11.3403350837709,0,0.0250062515628907,59.264816204051
49,7,23.75,10.475,0,0.025,65.75
49,4,32.8042989252687,12.7593101724569,0,0.0249937515621095,54.4113971507123
49,3,29.9937460913071,9.66854283927455,0.0125078173858662,0.0250156347717323,60.3001876172608
49,6,40.1599400224916,14.1072097963264,0,0.0124953142571536,45.7203548669249
50,1,47.8,13.125,0,0.05,39.025
50,5,59.4996873045654,17.0606629143215,0,0.0375234521575985,23.4021263289556
50,2,34.0042505313164,11.1388923615452,0,0.0125015626953369,54.8443555444431
50,7,30.048768288108,11.2417156433663,0,0.0375140677754158,58.6720020007503
50,4,39.592449056132,15.9269908738592,0.0125015626953369,0.0375046880860107,44.4305538192274
50,3,40.1349493939773,12.0079970011246,0,0.0249906285143071,47.8320629763839
50,6,41.3969761339498,13.7573409971261,0,0.0374859427714607,44.8081969261527
51,5,56.6766691672918,17.2793198299575,0,0.0500125031257814,25.9939984996249
51,1,39.275,15.95,0,0.025,44.75
51,2,29.3176705823544,10.1724568857786,0,0.0499875031242189,60.4598850287428
51,7,30.24128016002,13.3266658332292,0,0.0125015626953369,56.4195524440555
51,3,32.7122671001626,13.0799049643616,0,0.0250093785169439,54.1828185569589
51,4,36.179522440305,15.0143767970996,0,0.0250031253906738,48.7810976372047
51,6,36.15,12.625,0.025,0.0125,51.1875
52,5,60.1997503121099,17.9525593008739,0,0.0124843945068664,21.8352059925094
52,1,45.1842598376015,12.6670830730793,0,0.0124921923797626,42.1361648969394
52,2,33.9370472145891,12.8903322508119,0,0.0124906320259805,53.1601299025731
52,7,33.1584863244661,11.4649681528662,0.0249781441238916,0.0124890720619458,55.3390783064818
52,3,35.5822088955522,14.2303848075962,0,0.0124937531234383,50.1749125437281
52,4,37.7763897564022,13.1417863835103,0,0,49.0818238600874
52,6,40.0999375390381,15.315427857589,0,0.0124921923797626,44.5721424109931
53,5,63.0815407703852,18.6843421710855,0,0.0625312656328164,18.1715857928964
53,1,49.0186273284161,14.1267658457307,0,0.0375046880860107,36.8171021377672
53,2,36.2375,9.775,0,0.05,53.9375
53,7,31.339742789362,10.7628917467849,0,0.0124859533025346,57.8848795105506
53,3,34.9275724275724,13.1993006993007,0,0.024975024975025,51.8481518481519
53,4,41.4521369657586,12.9967508122969,0,0.0374906273431642,45.5136215946013
53,6,37.9732600274897,12.7577158565538,0,0.0124953142571536,49.2565288016994
54,5,59.444930616327,18.439804975622,0,0.0250031253906738,22.0902612826603
54,1,42.2177772221528,13.8517314664333,0,0.0125015626953369,43.9179897487186
54,2,35.6696651674163,9.69515242378811,0.0249875062468766,0.0124937531234383,54.5977011494253
54,7,28.8980509745127,13.3933033483258,0,0.0249875062468766,57.6836581709145
54,3,38.4596149037259,11.565391347837,0.0250062515628907,0.0125031257814454,49.9374843710928
54,4,38.8757026858214,14.4409743910056,0,0.0124921923797626,46.6708307307933
54,6,38.8375,13.4625,0,0.025,47.675
55,5,66.2121591193395,17.3004753565174,0,0.0500375281461096,16.437327995997
55,1,42.2524659757772,17.8049694094144,0,0.0249719066050693,39.9175927082033
55,2,35.1256721270476,12.1045392022008,0,0.0250093785169439,52.7447792922346
55,7,34.3445692883895,11.210986267166,0,0.0249687890137328,54.4194756554307
55,3,41.1955977988994,11.6058029014507,0,0.0250125062531266,47.1735867933967
55,4,41.4,12.875,0,0.025,45.7
55,6,41,14.525,0.025,0.0125,44.4375
56,5,61.5461596197148,14.6860145108832,0,0.0375281461095822,23.7302977232925
56,1,41.780222527816,13.8517314664333,0,0.0375046880860107,44.3305413176647
56,2,34.3746095214295,13.2950143696114,0,0.0249906285143071,52.3053854804448
56,7,33.9372735224291,12.6827439710109,0,0.0124953142571536,53.3674871923029
56,3,36.5908522869283,11.5846038490377,0,0.0124968757810547,51.8120469882529
56,4,40.0873907615481,16.5168539325843,0,0.0499375780274657,43.3458177278402
56,6,38.6488511488512,12.037962037962,0,0.0124875124875125,49.3006993006993
57,5,60.0124921923798,16.7645221736415,0,0.0499687695190506,23.1730168644597
57,1,45.1411441418936,14.2767924056957,0,0.024981264051961,40.5570821883587
57,2,32.5956489122281,11.5528882220555,0,0.0375093773443361,55.8139534883721
57,7,32.733183295824,12.240560140035,0,0.0500125031257814,54.9762440610153
57,3,40.8948881389826,13.1733533308336,0,0.0374953130858643,45.8942632170979
57,4,39.375,13.4,0,0.0125,47.2125
57,6,44.1668748438671,14.9637771671247,0,0.024981264051961,40.8443667249563
58,5,56.5745026898536,17.940698110847,0,0.0250218941573877,25.459777305142
58,1,47.4940632420947,11.3485814273216,0,0.0124984376952881,41.1448568928884
58,2,33.3458317710286,12.7484064491939,0,0.0249968753905762,53.880764904387
58,7,30.2776388194097,9.99249624812406,0.0250125062531266,0.0125062531265633,59.6923461730865
58,3,40.2697976517612,12.4656507619286,0,0.024981264051961,47.2395703222583
58,4,39.490127468133,12.5843539115221,0,0.0249937515621095,47.9005248687828
58,6,43.3195850518685,14.4606924134483,0,0.0124984376952881,42.2072240969879
59,5,54.6011502875719,20.4801200300075,0,0.0625156289072268,24.8562140535134
59,1,43.3554194274284,15.9769971246406,0.0125015626953369,0.0500062507813477,40.6050756344543
59,2,36.8309154577289,12.5312656328164,0,0.0250125062531266,50.6128064032016
59,7,30.6731609841389,11.2776320719371,0,0.0124890720619458,58.0367178718621
59,3,40.7648087978005,11.872031992002,0,0,47.3631592101975
59,4,38.1511555277951,13.3916302311056,0,0.0374765771392879,48.41973766396
59,6,38.0202474690664,12.5109361329834,0,0.0249968753905762,49.4438195225597
60,5,59.1551056117985,17.7602799650044,0,0.0374953130858643,23.0471191101112
60,1,41.0375,10.6875,0,0.05,48.225
60,2,40.3552664498374,9.9074305729297,0,0.0375281461095822,49.6997748311233
60,7,34.7158026233604,10.8557151780137,0,0.0374765771392879,54.3910056214866
60,3,35.7669708713589,11.5639454931866,0,0.0250031253906738,52.6440805100638
60,4,36.0875,10.4,0,0.0375,53.475
60,6,38.0017506564962,13.1049143428786,0,0.0125046892584719,48.8808303113668
61,5,56.2085782168313,19.1696886332375,0,0.0375140677754158,24.5842190821558
61,1,42.930302273295,13.8521109168124,0,0.024981264051961,43.1926055458406
61,2,35.0962740685171,14.1035258814704,0,0.0250062515628907,50.7751937984496
61,7,33.9127172689759,11.6168563211204,0,0.0250093785169439,54.4454170313868
61,4,42.8178522315289,17.289661207651,0,0.0375046880860107,39.8549818727341
61,3,34.824440834687,11.470698488067,0,0.0249906285143071,53.6798700487317
61,6,39.1402149462634,12.8217945513622,0,0.0249937515621095,48.0129967508123
62,5,54.8133349981271,21.276064427519,0,0.0624297665126732,23.8481708078412
62,2,32.4793801549613,10.1474631342164,0,0.0374906273431642,57.3356660834791
62,1,35.4625,9.55,0,0.0125,54.975
62,7,31.1899113497316,13.2850543138969,0,0.0249719066050693,55.5000624297665
62,3,35.151363522642,8.89417062797098,0,0.0250187640730548,55.929447085314
62,4,41.5323084614423,11.1236095488064,0,0.0374953130858643,47.3065866766654
62,6,36.1468348108378,13.0353352478462,0,0.0124859533025346,50.8053439880135
63,5,56.8698476142893,18.8358730951786,0,0.0374718960779415,24.2568073944542
63,1,44.6651674162919,14.28035982009,0,0.0124937531234383,41.0419790104947
63,2,29.4793357472843,9.11474591085029,0,0.0124859533025346,61.3934323885629
63,7,30.25,9.6375,0.0375,0.025,60.05
63,3,35.2411897025744,11.7970507373157,0,0.0124968757810547,52.9492626843289
63,4,36.8585341490823,12.3236359096017,0,0.0249719066050693,50.792858034711
63,6,35.5508315618357,11.8419407277729,0,0.0125046892584719,52.5947230211329
64,5,56.6820852606576,18.9898737342168,0,0.0500062507813477,24.2780347543443
64,1,40.3774056485879,11.4971257185704,0,0.0499875031242189,48.0754811297176
64,2,40.5047476261869,12.2688655672164,0,0.0249875062468766,47.2013993003498
64,7,29.2646323161581,11.568284142071,0,0,59.1670835417709
64,3,35.2786803299175,11.7220694826293,0,0.0124968757810547,52.9867533116721
64,4,40.6930197648236,13.4851138353765,0,0.0125093820365274,45.8093570177633
64,6,39.3401649587603,11.2721819545114,0.0249937515621095,0.0124968757810547,49.3501624593852
65,5,55.7069633704213,20.0150018752344,0,0.0625078134766846,24.2155269408676
65,1,44.9318835145607,13.6107986501687,0,0.0249968753905762,41.43232095988
65,2,37.4249249249249,13.7137137137137,0,0.0375375375375375,48.8238238238238
65,7,37.6202974628171,16.310461192351,0,0.0374953130858643,46.031746031746
65,4,41.8281855695886,12.8298111791922,0,0.0125046892584719,45.3294985619607
65,3,38.209552388097,13.9659914978745,0,0.0250062515628907,47.7994498624656
65,6,40.6046976511744,13.1934032983508,0,0.0249875062468766,46.1769115442279
66,5,56.1445180647581,19.6524565570696,0,0.0250031253906738,24.1780222527816
66,1,42.4155193992491,11.4017521902378,0,0.0250312891113892,46.1576971214018
66,2,30.2072927072927,10.0899100899101,0,0.0374625374625375,59.6653346653347
66,3,32.1125,10.8,0,0.0375,57.05
66,4,38.011988011988,12.2377622377622,0,0.0374625374625375,49.7127872127872
66,7,31.5578894723681,10.8277069267317,0,0.0375093773443361,57.5768942235559
66,6,35.8650843222986,10.9306683322923,0,0.0124921923797626,53.1917551530294
67,5,59.9175618286285,15.7631776167874,0,0.0499625281039221,24.2692980264801
67,1,49.0684006502438,14.1553082405902,0,0.0125046892584719,36.7637864199075
67,2,37.3203349581302,10.7861517310336,0,0.0499937507811524,51.843519560055
67,7,33.3916302311056,12.4547158026234,0,0.0124921923797626,54.1411617738913
67,3,42.5502685150493,15.3740477082553,0,0.0124890720619458,42.0631947046334
67,4,45.6296111041641,15.1681880705264,0,0.0375140677754158,39.1646867575341
67,6,42.0217418468074,12.857678370611,0,0,45.1205797825815
68,5,55.6542406805104,16.1746309732299,0,0.0375281461095822,28.1336002001501
68,1,38.4067033516758,11.7308654327164,0,0.0125062531265633,49.8499249624812
68,2,31.6875,11.4,0,0.0625,56.85
68,7,26.3960024984385,7.39537788881949,0,0.0124921923797626,66.1961274203623
68,3,34.1335333833458,11.3903475868967,0,0.0125031257814454,54.463615903976
68,4,34.5672836418209,10.4927463731866,0.0125062531265633,0.0125062531265633,54.9149574787394
68,6,42.0197475315586,12.1984751906012,0.0124984376952881,0.0249968753905762,45.7442819647544
69,5,59.3379138038726,17.5515302935665,0,0.0624609618988132,23.0480949406621
69,1,41.9959979989995,12.7563781890945,0,0.0375187593796898,45.2101050525263
69,2,29.9462567179103,9.96125484314461,0,0.0124984376952881,60.0799900012498
69,7,35.1067815661296,11.3026102160609,0,0.0249781441238916,53.5656300736855
69,3,33.2583427071616,13.4733158355206,0.0499937507811524,0.0249968753905762,53.1933508311461
69,4,41.4146463384154,12.6718320419895,0,0.0624843789052737,45.8510372406898
69,6,39.3625,12.65,0,0,47.9875
70,5,57.0803649543807,18.4601924759405,0,0.0624921884764404,24.3969503812023
70,1,39.9649868700763,12.2796048518194,0,0.0250093785169439,47.7303988995873
70,2,26.4507253626813,10.2551275637819,0,0.0375187593796898,63.2566283141571
70,7,23.8690327418145,10.2474381404649,0,0.0249937515621095,65.8585353661585
70,3,27.1228771228771,11.3386613386613,0.0124875124875125,0.04995004995005,61.476023976024
70,4,34.3375,11.5,0,0.0125,54.15
70,6,34.4163959010247,10.0724818795301,0,0.0374906273431642,55.473631592102
71,5,56.5407703851926,19.0470235117559,0,0.0250125062531266,24.3871935967984
71,1,36.2920365045631,13.2391548943618,0,0.0250031253906738,50.4438054756845
71,2,27.5443860965241,9.2898224556139,0,0.0250062515628907,63.1407851962991
71,7,27.0692673168292,9.80245061265316,0,0.0250062515628907,63.1032758189547
71,4,32.6706676669167,12.4781195298825,0.0375093773443361,0,54.8137034258565
71,3,29.97997997998,10.8483483483483,0,0.0375375375375375,59.1341341341341
71,6,34.7586896724181,11.8529632408102,0,0,53.3883470867717
72,5,59.7322992244183,16.9377032774581,0,0.0250187640730548,23.3049787340505
72,1,45.4,15.4875,0,0.025,39.0875
72,2,38.434608652163,13.7409352338085,0,0.0500125031257814,47.7744436109027
72,7,37.5390381011868,12.9044347282948,0,0.0124921923797626,49.5440349781387
72,3,43.237833103966,14.0497935693732,0,0.0250218941573877,42.6873514325034
72,4,38.5221305326332,12.2905726431608,0,0.0500125031257814,49.1372843210803
72,6,41.8799151167145,13.344151791287,0,0.012482836100362,44.7634502558981
73,5,55.2776388194097,18.671835917959,0,0.0375187593796898,26.0130065032516
73,1,39.6924615576947,11.2514064258032,0,0.0250031253906738,49.0311288911114
73,2,28.1355508315618,10.3788920845317,0,0.0250093785169439,61.4605477053895
73,7,31.3382481569411,9.52142946395102,0,0.0124953142571536,59.1278270648507
73,3,30.0224887556222,11.344327836082,0,0.0124937531234383,58.6206896551724
73,4,38.8895835938477,13.2049518569464,0,0.0375140677754158,47.8679504814305
73,6,37.2688655672164,11.9190404797601,0,0.0249875062468766,50.7871064467766
74,5,58.95,17.525,0,0.05,23.475
74,1,41.625,15.475,0,0.025,42.875
74,2,35.593644438884,10.8970349055424,0,0.0375328412360816,53.4717878143375
74,7,32.4790598824853,12.4890611326416,0,0.0250031253906738,55.0068758594824
74,3,40.2649337665584,14.7963009247688,0,0.0124968757810547,44.9262684328918
74,4,43.3233308327082,13.0657664416104,0,0.0125031257814454,43.5983995999
74,6,42.5680739445416,14.114414189358,0,0,43.3175118661004
75,5,57.9282768961639,16.9061601899288,0.0124953142571536,0.0499812570286143,25.1030863426215
75,2,33.825,11.8875,0,0.025,54.2625
75,1,39.3018018018018,13.450950950951,0,0.025025025025025,47.2222222222222
75,7,29.3301674581355,9.61009747563109,0,0.0249937515621095,61.0347413146713
75,3,32.0495185694636,11.8044266599975,0,0.0250093785169439,56.121045392022
75,4,37.7422177772222,12.764095511939,0,0.0250031253906738,49.4686835854482
75,6,36.4283929017746,12.1469632591852,0,0.0124968757810547,51.4121469632592
76,5,59.55,17.1875,0,0.0375,23.225
76,2,33.841349156777,11.7176764522174,0,0.0624609618988132,54.3785134291068
76,1,41.6895776055986,12.9842539365159,0.0124968757810547,0.0249937515621095,45.2886778305424
76,7,31.1663957994749,11.5264408051006,0,0,57.3071633954244
76,3,35.5149543236141,12.1261419096484,0,0.0500563133525216,52.3088474533851
76,6,38.2470617654414,14.2535633908477,0.0250062515628907,0.0375093773443361,47.4368592148037
76,4,43.7484371092773,13.1032758189547,0,0.0125031257814454,43.1357839459865
77,5,61.6827103387923,17.6272034004251,0,0.0375046880860107,20.6525815726966
77,2,31.630231105559,11.317926296065,0,0.0124921923797626,57.0393504059963
77,1,45.999251029834,12.8073898389714,0,0.012482836100362,41.1808762950942
77,3,34.92003998001,13.0684657671164,0,0.0124937531234383,51.9990004997501
77,7,37.3344991256558,11.7037222083437,0.0124906320259805,0.024981264051961,50.9243067699226
