moment,node,user,system,iowait,softirq,idle
1,6,0.15,0.05,0,0,99.8
1,5,0.212181727408887,0.0499251123315027,0.0873689465801298,0,99.6505242136795
1,3,0.199825152991133,0.0499562882477832,0.0999125764955664,0,99.6503059822655
1,4,0.112443778110945,0.0249875062468766,0.087456271864068,0,99.7751124437781
1,2,0.199825152991133,0.0249781441238916,0,0,99.775196702885
1,7,0.187312687312687,0.0374625374625375,0.0874125874125874,0,99.6878121878122
1,1,0.199875078076202,0.0374765771392879,0,0,99.7626483447845
2,6,4.92069439240664,1.09903834145123,0.0249781441238916,0.0374672161858374,93.9178219058324
2,5,0.0749437921558831,0.024981264051961,0,0,99.9000749437922
2,3,0.174759705405068,0.024965672200724,0.024965672200724,0,99.7753089501935
2,4,0.0499625281039221,0.0374718960779415,0.0124906320259805,0,99.9000749437922
2,2,0.287320424734541,0.287320424734541,0.0249843847595253,0.0374765771392879,99.3628981886321
2,7,0.124890720619458,0.137379792681404,0,0,99.7377294866991
2,1,0.0874125874125874,0.024975024975025,0,0,99.8876123876124
3,6,14.3267908488561,1.18764845605701,0.0125015626953369,0,84.4730591323916
3,5,6.51874138147173,1.05302745393005,0.0125360411182149,0.0250720822364297,92.3906230412436
3,4,6.4928553522186,1.14063675106543,0,0.0125344697919278,92.353973426924
3,3,6.35794743429287,1.06382978723404,0,0.0250312891113892,92.5531914893617
3,2,7.03574106473382,1.17470632341915,0.0374906273431642,0.0499875031242189,91.7020744813797
3,7,6.31789237108253,1.19865151704333,0.0124859533025346,0.0124859533025346,92.4584842052691
3,1,6.26174076393237,1.08954289292423,0,0.0125234815278647,92.6361928616155
4,6,7.70097670924117,0.601051840721262,0.0125219133483596,0.0375657400450789,91.6478837966441
4,5,4.80360270202652,0.275206404803603,0.0250187640730548,0,94.8961721290968
4,4,4.84234234234234,0.3003003003003,0.0125125125125125,0,94.8448448448448
4,2,4.18697662792151,0.287464066991626,0.0374953130858643,0,95.488063992001
4,3,8.59033587214384,0.736671244849544,0.0124859533025346,0.0124859533025346,90.6480209764016
4,7,5.38211788211788,0.487012987012987,0.024975024975025,0,94.1058941058941
4,1,10.2832896543117,0.798702109072757,0.0249594409085236,0.0124797204542618,88.8805690752527
5,6,24.6839404180749,1.97771936412567,0.125172111653524,0.0500688446614094,73.1630992614845
5,5,14.1695847923962,1.20060030015008,0.125062531265633,0.0250125062531266,84.479739869935
5,4,16.2592453303247,1.27867619405792,0,0.0250720822364297,82.437006393381
5,2,14.3877678907131,1.19062539165309,0,0.0250657977190124,84.3965409199148
5,3,16.1507738392411,1.26060908637044,0.0249625561657514,0.0249625561657514,82.5386919620569
5,7,16.2138475021911,1.43983973957681,0.0876424189307625,0.0375610366846125,82.2211093026168
5,1,11.7418058520658,0.916739922139897,0.0125580811252041,0.0251161622504081,87.3037799824187
6,6,67.1636181408168,14.13179654222,0.22550739163117,0.0751691305437234,18.4039087947883
6,5,59.5827086456772,16.8165917041479,0.0124937531234383,0.0249875062468766,23.5632183908046
6,4,60.5148069473947,17.0810945895289,0.0249906285143071,0.0124953142571536,22.3666125203049
6,2,60.9938818828818,14.8582844300162,0.0124859533025346,0.0499438132101386,24.0854039205893
6,3,60.7040319560604,19.5980526775683,0.012482836100362,0.012482836100362,19.6729496941705
6,7,52.7315914489311,20.0025003125391,0.175021877734717,0.0750093761720215,27.0158769846231
6,1,62.2,17.825,0,0.025,19.95
7,5,32.8039019509755,9.2296148074037,0.0375187593796898,0.087543771885943,57.8414207103552
7,6,36.3136176066025,10.916593722646,0,0.0250093785169439,52.7447792922346
7,2,61.5125421190565,16.6729065268938,0.0124797204542618,0.0623986022713091,21.7396730313241
7,4,35.8126721763085,11.4825945404458,0.0250438266967193,0.0500876533934385,52.6296018031555
7,3,30.6364886832562,9.60360135050644,0.0125046892584719,0.0500187570338877,59.697386519945
7,7,25.8689672418105,9.039759939985,0.0125031257814454,0,65.0787696924231
7,1,43.9149468417761,13.2082551594747,0.0125078173858662,0.0500312695434647,42.8142589118199
8,5,11.2875,1.35,0,0.1375,87.225
8,6,3.53073744835357,0.626017278076875,0.0125203455615375,0.075122073369225,95.7556028546388
8,2,3.17539692461558,0.625078134766846,0,0.0250031253906738,96.1745218152269
8,4,15.4703745459101,2.27984466992359,0.0125266190655142,0.137792809720656,82.0994613553802
8,7,0.450337753314986,0.187640730547911,0,0.0250187640730548,99.3370027520641
8,3,2.97648824412206,0.512756378189095,0.0250125062531266,0.0625312656328164,96.4232116058029
8,1,6.80170042510628,1.13778444611153,0.0375093773443361,0.137534383595899,91.885471367842
9,5,0.0749344323716748,0.0499562882477832,0.0124890720619458,0,99.8626202073186
9,6,0.162398500936914,0.0374765771392879,0.0124921923797626,0,99.787632729544
9,2,0.112443778110945,0.0499750124937531,0.224887556221889,0,99.6126936531734
9,4,0.0749718855429214,0,0.0499812570286143,0,99.8750468574285
9,7,0.124859533025346,0.0374578599076039,0.0249719066050693,0,99.812710700462
9,3,0.0749437921558831,0.0499625281039221,0,0,99.8750936797402
9,1,0.0749437921558831,0.0499625281039221,0,0,99.8750936797402
10,5,0.0874344241818636,0.0499625281039221,0,0,99.8626030477142
10,6,0.174847008867241,0.0249781441238916,0.0124890720619458,0,99.7876857749469
10,2,0.124906320259805,0.0499625281039221,0.524606545091182,0.0124906320259805,99.2880339745191
10,4,0.112443778110945,0.0624687656171914,0.274862568715642,0.0124937531234383,99.5377311344328
10,7,0.137362637362637,0.0624375624375624,0,0,99.8001998001998
10,3,0.137482814648169,0.0499937507811524,0.249968753905762,0,99.5625546806649
10,1,0.0999375390381012,0.0874453466583385,0.262336039975016,0,99.5502810743285
11,5,0.0749437921558831,0.0374718960779415,0.024981264051961,0,99.8626030477142
11,6,0.137431284357821,0.0624687656171914,0,0,99.800099950025
11,2,0.0999125764955664,0.0499562882477832,0.062445360309729,0,99.7876857749469
11,4,0.0999250562078441,0.0374718960779415,0.112415688233825,0,99.7501873594804
11,7,0.124906320259805,0.0499625281039221,0,0,99.8251311516363
11,3,0.124906320259805,0.0499625281039221,0.0999250562078441,0,99.7252060954284
11,1,0.124875124875125,0.04995004995005,0.0999000999000999,0,99.7252747252747
12,5,0.0874125874125874,0.0624375624375624,0,0,99.8501498501498
12,6,0.149906308557152,0.0249843847595253,0.0874453466583385,0,99.737663960025
12,2,0.112415688233825,0.0374718960779415,0,0,99.8501124156882
12,4,0.0874781304673832,0.0249937515621095,0.0874781304673832,0,99.8000499875031
12,7,0.137396952285786,0.0624531601299026,0,0,99.8001498875843
12,3,0.0999500249875062,0.0499750124937531,0.0999500249875062,0,99.7501249375312
12,1,0.0874453466583385,0.0499687695190506,0.0999375390381012,0,99.7626483447845
13,5,0.100037514067775,0.250093785169439,3.63886457421533,0.0125046892584719,95.998499437289
13,6,0.124921923797626,0.0624609618988132,0.262336039975016,0,99.5502810743285
13,2,0.125062531265633,0.312656328164082,4.63981990995498,0,94.9224612306153
13,4,0.125219133483596,0.125219133483596,3.75657400450789,0,95.9929877285249
13,7,0.125328988595062,0.325855370347161,4.98809374608347,0.0125328988595062,94.5481889961148
13,3,0.1,0.3625,3.525,0.0125,96
13,1,0.112387612387612,0.474525474525474,4.14585414585415,0,95.2672327672328
14,5,0.124859533025346,0.0374578599076039,0.0124859533025346,0,99.8251966537645
14,6,0.200150112584438,0.250187640730548,3.62772079059294,0.0125093820365274,95.9094320740555
14,2,0.0999250562078441,0.0874344241818636,0.424681488883338,0,99.387959030727
14,4,0.174825174825175,0.024975024975025,0.0124875124875125,0,99.7877122877123
14,7,0.137379792681404,0.0874235044336206,0.224803297115024,0,99.55039340577
14,3,0.112429731417864,0.0374765771392879,0.0124921923797626,0,99.8376014990631
14,1,0.124921923797626,0.0499687695190506,0,0,99.8251093066833
15,5,0.0874125874125874,0.0374625374625375,0,0,99.8751248751249
15,6,0.112401648557512,0.0499562882477832,0.0124890720619458,0,99.8251529911328
15,2,0.0624765712857678,0.0624765712857678,0.0249906285143071,0,99.8500562289142
15,4,0.0874344241818636,0.024981264051961,0,0,99.8875843117662
15,7,0.137362637362637,0.0624375624375624,0,0,99.8001998001998
15,3,0.14985014985015,0.04995004995005,0,0,99.8001998001998
15,1,0.14985014985015,0.0374625374625375,0,0,99.8126873126873
16,5,0.124984376952881,0.0374953130858643,0,0,99.8375203099612
16,6,0.212659494620966,0.0250187640730548,0,0,99.762321741306
16,2,0.0999250562078441,0.024981264051961,0,0.0124906320259805,99.8626030477142
16,4,0.174912543728136,0.0249875062468766,0,0,99.800099950025
16,7,0.162378216337747,0.0499625281039221,0,0,99.7876592555583
16,3,0.0999125764955664,0.0499562882477832,0.0374672161858374,0,99.8126639190708
16,1,0.124921923797626,0.0374765771392879,0.0124921923797626,0,99.8251093066833
17,5,0.0874235044336206,0.0374672161858374,0,0,99.8751092793805
17,6,0.124921923797626,0.0624609618988132,0,0,99.8126171143036
17,2,0.14986886474335,0.0374672161858374,0,0,99.8126639190708
17,4,0.0499937507811524,0.0124984376952881,0,0,99.9375078115236
17,7,0.112415688233825,0.0374718960779415,0,0,99.8501124156882
17,3,0.112415688233825,0.0499625281039221,0,0,99.8376217836623
17,1,0.0749531542785759,0.0374765771392879,0,0,99.8875702685821
18,5,11.8317265556529,0.5008138224615,0,0.0626017278076875,87.6048578940779
18,6,29.535495179667,1.47740077626142,0.0125203455615375,0.0626017278076875,68.9119819707024
18,2,13.0597948461346,0.587940955716788,0,0.0500375281461096,86.3022266700025
18,4,14.7485614210658,0.562922191643733,0,0.0375281461095822,84.6509882411809
18,7,10.9705698184095,0.788979336255479,0,0.0375704445835942,88.2028804007514
18,3,10.8202880400751,0.626174076393237,0,0.0250469630557295,88.5284909204759
18,1,11.6046917893686,0.648864487147492,0,0.0374344896431245,87.7090092338408
19,5,14.6874215415516,1.343208636706,0.0627667587245795,0.100426813959327,83.8061762490585
19,6,32.9718824864456,2.34522758794603,0.0504350018913126,0.252175009456563,64.3802799142605
19,2,19.1320754716981,1.33333333333333,0.0754716981132075,0.138364779874214,79.3207547169811
19,4,14.3432817025564,1.1459513915124,0.0629643621710112,0.050371489736809,84.3974310540234
19,7,18.7796949237309,1.6254063515879,0.112528132033008,0.0875218804701175,79.3823455863966
19,3,15.5351988957209,1.41799472957711,0.0627431296273058,0.0878403814782281,82.8962228635964
19,1,18.5138697125643,1.30538471193674,0.0502071043052592,0.138069536839463,79.9924689343542
20,6,34.9084983705189,7.57081975432439,0.0250689395838556,0.162948107295061,57.3326648282778
20,5,21.8456921345505,7.39027135175691,0.0125046892584719,0.0500187570338877,70.7015130674003
20,2,25.0561797752809,8.01498127340824,0.0124843945068664,0.0499375780274657,66.8664169787765
20,4,24.5346658338538,6.63335415365397,0.0124921923797626,0.0874453466583385,68.7320424734541
20,7,23.7832413447065,9.23231309583542,0.0125439036628199,0.0501756146512795,66.921726041144
20,3,21.595598349381,6.51494310366387,0.0125046892584719,0.0875328248093035,71.7894210328873
20,1,26.7041198501873,9.97503121098627,0.0249687890137328,0.0624219725343321,63.2334581772784
21,6,58.1625,26.475,0,0.025,15.3375
21,5,36.0700876095119,16.4455569461827,0,0.0125156445556946,47.4718397997497
21,2,31.4439439439439,16.6291291291291,0,0.0125125125125125,51.9144144144144
21,7,16.0100062539087,10.3314571607255,0,0.0250156347717323,73.6335209505941
21,4,39.7200349956255,17.0978627671541,0,0.0499937507811524,43.1321084864392
21,3,33.3541458541459,19.4055944055944,0,0.024975024975025,47.2152847152847
21,1,45.8614653663416,20.4801200300075,0,0,33.6584146036509
22,5,25.8620689655172,10.9945027486257,0.0124937531234383,0.0249875062468766,63.1059470264868
22,6,50.0499750124938,21.2393803098451,0.0499750124937531,0.0499750124937531,28.6106946526737
22,2,27.463731865933,10.9429714857429,0,0.0250125062531266,61.568284142071
22,7,17.6044011002751,11.8404601150288,0.0250062515628907,0.0250062515628907,70.5051262815704
22,4,33.0957739434859,17.5418854713678,0,0.0250062515628907,49.3373343335834
22,3,24.2462154385087,8.80770674340047,0,0.0125109470786939,66.9335668710121
22,1,34.1960490122531,13.1282820705176,0,0.0375093773443361,52.638159539885
23,6,58.0177477815273,17.7977752780902,0,0.0249968753905762,24.1594800649919
23,5,45.0581032112958,16.4938148194427,0,0.0249906285143071,38.4230913407472
23,2,43.3091545772886,17.183591795898,0.0250125062531266,0.0250125062531266,39.4572286143072
23,7,26.8740629685157,12.4812593703148,0.0249875062468766,0.0499750124937531,60.5697151424288
23,4,43.0642339415146,16.9207698075481,0.0124968757810547,0.0249937515621095,39.9775056235941
23,3,40.4428321240931,13.5851888916688,0.0125093820365274,0.0125093820365274,45.9469602201651
23,1,44.2,15.875,0.025,0.025,39.875
24,6,54.2978510744628,20.5272363818091,0.0124937531234383,0.0624687656171914,25.0999500249875
24,5,35.1793974246781,18.8023502937867,0,0.0500062507813477,45.9682460307538
24,2,36.2795349418677,19.627453431679,0,0.0125015626953369,44.080510063758
24,7,19.7176058977883,11.0708484318381,0,0.0249906285143071,69.1865550418593
24,4,44.015009380863,17.2482801751094,0,0.0250156347717323,38.7116948092558
24,3,33.8084521130283,14.9287321830458,0,0.0125031257814454,51.2503125781445
24,1,45.970261152068,20.5173060102462,0,0.0124953142571536,33.4999375234287
25,6,54.3385846461615,22.2180545136284,0,0.0250062515628907,23.4183545886472
25,5,27.7736131934033,13.4057971014493,0.0124937531234383,0.0374812593703148,58.7706146926537
25,2,29.025,11.9625,0,0.0125,59
25,7,13.3649762677992,8.94329253060205,0.024981264051961,0.0124906320259805,77.6542593055209
25,4,37.673372485318,17.3934774459578,0.0374859427714607,0.0374859427714607,44.8581781831813
25,3,24.3067699225581,7.89407944041969,0.0124906320259805,0.024981264051961,67.7616787409443
25,1,36.2090522630658,14.1160290072518,0.0250062515628907,0.0500125031257814,49.5998999749937
26,6,56.0140035008752,18.2920730182546,0,0.0375093773443361,25.6564141035259
26,5,43.5255848867759,17.039909921181,0.0250218941573877,0.0250218941573877,39.3844614037283
26,2,41.8354588647162,15.4538634658665,0.0125031257814454,0.0500125031257814,42.6481620405101
26,4,45.0394094832979,16.1516326785938,0,0.0250218941573877,38.7714249968723
26,7,30.4885667874547,16.7187304760715,0,0.0374859427714607,52.7552167937024
26,3,40.5702851425713,15.4327163581791,0,0.0125062531265633,43.9844922461231
26,1,48.6006996501749,16.2793603198401,0,0.0249875062468766,35.0949525237381
27,6,62.5999000999001,22.9645354645355,0,0.0124875124875125,14.4230769230769
27,5,41.6156058521946,20.1200450168813,0,0.0250093785169439,38.2393397524072
27,2,39.4332792410436,21.6452377980277,0.012482836100362,0.024965672200724,38.8840344526276
27,4,44.091534325372,20.9828685757159,0.0250093785169439,0.0125046892584719,34.8880830311367
27,7,17.5918979744936,11.3778444611153,0.0125031257814454,0.0125031257814454,71.0052513128282
27,3,32.4212893553223,14.68015992004,0.0249875062468766,0.0374812593703148,52.8235882058971
27,1,42.8053506688336,21.8277284660583,0.0125015626953369,0.0250031253906738,35.3294161770221
28,6,41.8523153942428,16.2953692115144,0,0.0625782227784731,41.7897371714643
28,5,29.225,11.875,0.0125,0.05,58.8375
28,2,30.3477608206155,10.5454090567926,0,0.0125093820365274,59.0943207405554
28,4,35.0281074328545,12.7545284197377,0,0.0249843847595253,52.1923797626483
28,7,17.6316118544454,11.8544454170314,0,0,70.5139427285232
28,3,27.2954716037028,9.53214911183388,0,0.062546910182637,63.1098323742807
28,1,32.6742585408585,12.2387686146915,0,0.0125140783381304,55.0744587661119
29,6,64.3446723361681,19.6473236618309,0,0.0500250125062531,15.9579789894947
29,5,51.281089863767,21.1223597050369,0,0,27.5965504311961
29,2,46.9375,20.025,0.0125,0.0125,33.0125
29,4,51.9689961245156,18.6523315414427,0.0250031253906738,0.0250031253906738,29.3286660832604
29,7,26.7566891722931,15.6539134783696,0.0125031257814454,0.0250062515628907,57.551887971993
29,3,46.125,17.3625,0.025,0.0125,36.475
29,1,50.7242757242757,22.6773226773227,0,0.0124875124875125,26.5859140859141
30,6,58.5719644866825,24.1965737151432,0,0.0500187570338877,17.1814430411404
30,5,33.2165644939322,14.3750781934192,0.0250218941573877,0.0375328412360816,52.3458025772551
30,2,33.8290427393152,17.0082479380155,0,0.0249937515621095,49.1377155711072
30,4,38.9673709213652,18.6023252906613,0,0.0125015626953369,42.4178022252782
30,7,15.4076663753278,10.5006867274316,0,0.0249719066050693,74.0666749906355
30,3,29.0564153769346,11.3080379430854,0,0.0124812780828757,59.6230654018972
30,1,41.5259537210757,17.0231394621639,0,0.0250156347717323,41.4258911819887
31,6,50.9325322318187,15.6339967455251,0,0.0625860558267618,33.3708849668294
31,5,39.1923990498812,13.3391673959245,0,0.0500062507813477,47.4184273034129
31,2,37.0967741935484,16.7291822955739,0,0.0250062515628907,46.1490372593148
31,4,40.6902588470677,15.7684131549331,0,0.0625234462923596,43.4788045517069
31,7,24.104356509799,10.8725502434153,0.024965672200724,0.049931344401448,64.9481962301835
31,3,31.4782391195598,13.1190595297649,0,0.0250125062531266,55.3776888444222
31,1,41.6270932266933,14.621344663834,0,0.0499875031242189,43.7015746063484
32,6,62.0861961274204,23.3603997501562,0.0124921923797626,0.0499687695190506,14.4909431605247
32,5,48.5253686578355,18.8577855536116,0.0124968757810547,0.0124968757810547,32.5918520369908
32,2,47.2343613434886,20.364589836434,0,0,32.4010488200774
32,4,45.5919080919081,23.2017982017982,0,0.024975024975025,31.1813186813187
32,7,19.7200699825044,12.8842789302674,0,0,67.3956510872282
32,3,41.7697787776528,17.7852768403949,0,0.0124984376952881,40.432445944257
32,1,51.6866566716642,20.2273863068466,0.0124937531234383,0.0124937531234383,28.0609695152424
33,6,54.8044483318755,19.1303261277021,0,0.0499812570286143,26.0152442833937
33,5,27.7833375031273,11.8964223167376,0,0.0500375281461096,60.270202651989
33,2,28.0089988751406,11.5485564304462,0.0124984376952881,0.0499937507811524,60.3799525059368
33,4,34.6966854283927,12.8705440900563,0.0125078173858662,0.0250156347717323,52.3952470293934
33,7,17.2206948262934,11.0222444388903,0.0249937515621095,0.0374906273431642,71.694576355911
33,3,26.4051961029228,9.7426929802648,0.024981264051961,0.0499625281039221,63.7771671246565
33,1,33.4542724884274,15.3008882772426,0,0.0125109470786939,51.2323282872513
34,6,63.5658914728682,18.5046261565391,0,0.0375093773443361,17.8919729932483
34,5,48.1953290870488,17.272386661671,0.0124890720619458,0.0249781441238916,34.4948170350943
34,2,45.4,18.05,0,0.025,36.525
34,4,44.5166125405946,16.2003497376967,0,0.024981264051961,39.2580564576568
34,7,27.9485257371314,14.3803098450775,0,0.0374812593703148,57.6336831584208
34,1,45.7478739369685,17.9339669834917,0.0125062531265633,0,36.3056528264132
34,3,40.8068948288783,15.7506869847614,0,0.0124906320259805,43.4299275543342
35,6,58.0145036259065,21.1302825706427,0,0.0500125031257814,20.8052013003251
35,5,34.4625,16.4375,0,0.025,49.075
35,2,34.2464040025016,15.0218886804253,0.0125078173858662,0.0250156347717323,50.6941838649156
35,4,41.7396745932416,17.8848560700876,0,0.0375469336670839,40.3379224030038
35,7,14.3410368519675,6.80824484697064,0,0.0124921923797626,78.8382261086821
35,1,42.0664667666167,16.504247876062,0,0.0124937531234383,41.4167916041979
35,3,36.538702013255,17.8692009503564,0,0.0250093785169439,45.5670876578717
36,6,55.4375,22.4375,0.0125,0.025,22.0875
36,5,27.2022991378233,12.9951268274397,0,0.0124953142571536,59.7900787204798
36,2,26.9418386491557,10.46904315197,0,0.0125078173858662,62.5766103814884
36,4,30.675,13.0875,0,0.0125,56.225
36,7,15.199200699388,7.16872736355689,0.0124890720619458,0,77.6195828649931
36,1,28.1464816897888,12.9983752030996,0.0124984376952881,0.0124984376952881,58.830146231721
36,3,25.209244222361,9.21923797626483,0.0124921923797626,0.0249843847595253,65.5340412242349
37,6,59.3972739777417,16.69376016006,0,0.0625234462923596,23.846442415906
37,5,44.1069866266717,15.7730283714536,0,0.0374953130858643,40.0824896887889
37,2,45.2511872031992,14.158960259935,0,0.0249937515621095,40.5648587853037
37,4,46.2701486942397,14.96938648007,0.0124953142571536,0.0249906285143071,38.7229788829189
37,7,28.767808047988,15.9960009997501,0,0.0124968757810547,55.2236940764809
37,1,47.7902621722846,17.3033707865169,0,0.0499375780274657,34.856429463171
37,3,44.2958890416094,15.6566287642134,0,0.0249906285143071,40.0224915656629
38,6,59.8624140087555,20.7879924953096,0,0.0375234521575985,19.3120700437774
38,5,34.879939969985,17.496248124062,0.0125062531265633,0.0500250125062531,47.5612806403202
38,2,41.7,19.8125,0,0.0125,38.475
38,4,43.2779927599551,18.7492198227437,0.012482836100362,0.012482836100362,37.9478217451005
38,7,15.071232191952,9.67258185453637,0.0124968757810547,0.0249937515621095,75.2186953261685
38,1,42.2942206654991,20.565424068051,0.0125093820365274,0.0250187640730548,37.1028271203403
38,3,32.95823955989,15.5663915978995,0.0125031257814454,0.0125031257814454,51.4503625906477
39,6,50.1188242651657,20.5753595997498,0,0.0500312695434647,29.255784865541
39,5,28.5642821410705,12.9064532266133,0.0125062531265633,0.0500250125062531,58.4667333666833
39,2,31.6579144786197,10.3150787696924,0.0500125031257814,0.0375093773443361,57.9394848712178
39,4,32.6078799249531,13.270794246404,0.0125078173858662,0.0250156347717323,54.0838023764853
39,1,30.5826456614154,12.7406851712928,0,0.0125031257814454,56.6641660415104
39,7,15.1931974490434,7.86544954357884,0.0125046892584719,0.0250093785169439,76.9038389396024
39,3,26.1729012886275,10.1964218691355,0,0.0250218941573877,63.6056549480796
40,6,62.5,21.8,0,0.025,15.675
40,5,51.9375,19.25,0,0.025,28.7875
40,2,50.9745127436282,19.127936031984,0,0.0124937531234383,29.8850574712644
40,4,54.3421217043609,20.7797076096464,0,0.0249906285143071,24.8531800574784
40,1,52.1793430748095,20.1823404521044,0,0.0374672161858374,27.6008492569002
40,7,29.2103948025987,17.0414792603698,0.0124937531234383,0.0499750124937531,53.6856571714143
40,3,50.2123938030985,16.0544727636182,0.0249875062468766,0.0249875062468766,33.6831584207896
41,6,57.9592347130174,22.2708515693385,0,0.0750281355508316,19.6948855820933
41,5,30.4961879765029,13.1358580177478,0.0124984376952881,0.0249968753905762,56.3304586926634
41,2,33.9247782081719,14.9443958515557,0.0124953142571536,0.0374859427714607,51.0808446832438
41,4,39.0625,15.525,0,0.0375,45.375
41,1,35.1375,15.5125,0,0.05,49.3
41,7,15.6769596199525,8.06350793849231,0,0,76.2595324415552
41,3,28.8144072036018,11.9309654827414,0,0.0125062531265633,59.2421210605303
42,6,57.3198198198198,19.4694694694695,0,0.0375375375375375,23.1731731731732
42,5,46.5058132266533,17.3021627703463,0,0.0375046880860107,36.1545193149144
42,2,44.861215303826,14.3910977744436,0,0.0375093773443361,40.7101775443861
42,4,45.2636840789803,17.3081729567608,0,0.0249937515621095,37.4031492126968
42,1,47.9440069991251,17.5978002749656,0,0.0124984376952881,34.445694288214
42,7,27.6077451592755,14.9281698938164,0.0249843847595253,0.0374765771392879,57.4016239850094
42,3,44.1,14.725,0,0.05,41.125
43,6,64.2723297938788,20.7120549656465,0,0.0374765771392879,14.9781386633354
43,5,38.4191406739321,18.2137041212577,0.0125266190655142,0.0125266190655142,43.3421019666792
43,2,38.2672834104263,17.589698712339,0.0125015626953369,0,44.1305163145393
43,4,52.0559930008749,20.5599300087489,0,0.0374953130858643,27.3465816772903
43,1,46.814888833375,19.2855358481139,0.0124906320259805,0.0374718960779415,33.8496127904072
43,7,16.0770096262033,10.0387548443555,0,0,73.8842355294412
43,3,32.3665458182273,14.2017752219027,0,0.0250031253906738,53.4066758344793
44,6,48.9375,17.9,0,0.1,33.0625
44,5,34.7288177955511,14.6963259185204,0,0.0249937515621095,50.5498625343664
44,2,35.6714178544636,15.4288572143036,0,0.0750187546886722,48.8247061765441
44,4,37.8577677790276,11.7360329958755,0.0124984376952881,0.0374953130858643,50.3562054743157
44,1,38.1125,12.5375,0,0.025,49.325
44,7,22.4012993503248,8.64567716141929,0,0.0624687656171914,68.8905547226387
44,3,33.0957739434859,10.5901475368842,0.0125031257814454,0.0500125031257814,56.2515628907227
45,6,63.9864949356009,21.2954858071777,0,0.0375140677754158,14.680505189446
45,5,48.8,20.75,0.0125,0.025,30.4125
45,2,48.8688913885764,20.5724284464442,0.0124984376952881,0.0124984376952881,30.5336832895888
45,4,53.6,20.45,0,0.025,25.925
45,1,51.9115442278861,19.3403298350825,0.0124937531234383,0.0249875062468766,28.7106446776612
45,7,23.7523452157598,13.8211382113821,0,0,62.426516572858
45,3,44.0529735132434,19.5027486256872,0,0.0249875062468766,36.4192903548226
46,6,50.7946439744713,19.0088849956201,0.0125140783381304,0.062570391690652,30.1213865598799
46,5,28.5285285285285,10.9984984984985,0,0.0375375375375375,60.4354354354354
46,2,26.7408426053257,11.1388923615452,0,0.0375046880860107,62.0827603450431
46,4,36.8605378361476,15.9349593495935,0,0.0500312695434647,47.1544715447154
46,1,36.9375,14.4125,0,0.025,48.625
46,7,15.6394549318665,7.71346418302288,0,0.0375046880860107,76.6095761970246
46,3,25.2283819296709,9.36053059692154,0.0125140783381304,0.0250281566762608,65.3735452383932
47,6,61.9160629527854,22.1084186859855,0,0.024981264051961,15.9505370971771
47,5,50.5125,21.1875,0.0125,0.025,28.2625
47,2,47.9705257899338,17.5471462470338,0.0249781441238916,0.0124890720619458,34.4448607468465
47,4,50.9502375593898,18.7046761690423,0,0.0250062515628907,30.320080020005
47,1,48.6138861138861,18.6063936063936,0.024975024975025,0.024975024975025,32.7297702297702
47,7,28.5696408459517,18.2580402953323,0.0125140783381304,0,53.1598047803779
47,3,41.257342832146,17.13535808024,0,0.0124984376952881,41.5948006499188
48,6,55.4986893022095,23.8671826238921,0,0.037448508301086,20.5966795655973
48,5,35.1087771942986,14.7036759189797,0,0.0125031257814454,50.1750437609402
48,2,32.8246184638479,15.6117087815862,0,0.0250187640730548,51.5386539904929
48,4,40.2047696341616,15.4700961418404,0.0124859533025346,0.0374578599076039,44.2751904107879
48,1,42.2485946283573,19.4878201124297,0,0.0249843847595253,38.2386008744535
48,7,14.2482189726284,7.51156105486814,0,0,78.2402199725034
48,3,28.3375,11.5375,0.025,0.0125,60.0875
49,6,59.8224334125297,16.1310491434288,0,0.0625234462923596,23.9839939977492
49,5,46.3963963963964,16.5915915915916,0.0125125125125125,0.0375375375375375,36.961961961962
49,2,48.3637272045966,20.2847864101924,0.024981264051961,0.0499625281039221,31.2765425930552
49,4,49.0137328339576,18.9637952559301,0,0.0249687890137328,31.9975031210986
49,1,48.943617952244,16.4895611951494,0.0125015626953369,0.0250031253906738,34.5293161645206
49,3,41.5636318221556,12.6514299987511,0.0124890720619458,0.0499562882477832,45.7224928187836
49,7,29.1177205698575,15.4586353411647,0,0.0374906273431642,55.3861534616346
50,6,62.80289782663,20.3847114664002,0,0.0624531601299026,16.7499375468399
50,5,37.4984380857179,18.3681119580157,0,0.0124953142571536,44.1209546420092
50,2,33.766720840105,16.5270658832354,0.0125015626953369,0.0625078134766846,49.6312039004876
50,4,51.756030496188,18.9976252968379,0.0124984376952881,0.0249968753905762,29.2088488938883
50,1,43.7734433608402,19.1672918229557,0,0.0250062515628907,37.0342585646412
50,3,32.2540317539692,15.3144143017877,0.0125015626953369,0.0250031253906738,52.394049256157
50,7,14.5195551668124,7.60964638260652,0.0124953142571536,0,77.8583031363239
51,6,54.1119038678182,17.1110276630367,0,0.0375516334960571,28.739516835649
51,5,39.7349337334334,15.4788697174294,0.0125031257814454,0.0500125031257814,44.7236809202301
51,2,38.648310387985,20.8760951188986,0,0.0250312891113892,40.450563204005
51,4,41.6927115889486,14.4143017877235,0,0.0625078134766846,43.8304788098512
51,1,40.3951975987994,14.3571785892946,0.0125062531265633,0.0375187593796898,45.1975987993997
51,3,33.225,12.075,0,0.0125,54.6875
51,7,24.6217331499312,12.717268975866,0,0.0250093785169439,62.6359884956859
52,6,65.1125,20.35,0,0.0625,14.475
52,5,46.6191726034246,20.0224971878515,0,0.0374953130858643,33.320834895638
52,2,43.947532792005,19.9000624609619,0,0,36.1524047470331
52,4,57.0107473131717,22.0569857535616,0,0.0749812546863284,20.8572856785804
52,1,50.8493629777667,22.7204596552586,0,0.0374718960779415,26.3927054708968
52,3,39.9449724862431,16.4207103551776,0,0.0375187593796898,43.5967983991996
52,7,19.4472236118059,12.6063031515758,0,0.0250125062531266,67.9214607303652
53,6,50.9679030848008,19.6702884975646,0,0.0874235044336206,29.274384913201
53,5,29.8199549887472,12.0405101275319,0.0250062515628907,0.0125031257814454,58.1020255063766
53,2,28.8980509745127,12.8310844577711,0.0124937531234383,0.0499750124937531,58.2083958020989
53,4,32.1620607727898,12.3421282981118,0.0125046892584719,0.0250093785169439,55.458296861323
53,1,31.7994247842941,11.5668375640865,0.0250093785169439,0.0250093785169439,56.5837188945855
53,3,31.6902289503315,11.2223195295884,0,0.0250218941573877,57.0624296259227
53,7,17.1100287248657,7.16872736355689,0.0249781441238916,0.0249781441238916,75.6712876233296
54,6,61.988011988012,21.6908091908092,0.0124875124875125,0.0374625374625375,16.2712287712288
54,5,54.2732376793512,22.8945726762321,0,0.0249532127261385,22.8072364316906
54,2,54.5034353529044,19.2504684572142,0,0.0249843847595253,26.2211118051218
54,4,50.8741258741259,22.0154845154845,0,0.04995004995005,27.0604395604396
54,1,57.7461269365317,19.1404297851074,0,0.0249875062468766,23.0884557721139
54,3,47.0867716929232,17.266816704176,0,0.0250062515628907,35.6214053513378
54,7,26.9115442278861,17.0289855072464,0,0.0249875062468766,56.0344827586207
55,6,53.7192149018627,19.777472184023,0,0.0500062507813477,26.4533066633329
55,5,28.6821705426357,13.6784196049012,0.0375093773443361,0.0125031257814454,57.5893973493373
55,2,29.9674674674675,14.4644644644645,0.0125125125125125,0.025025025025025,55.5305305305305
55,4,41.0006253908693,17.1106941838649,0,0,41.8886804252658
55,1,38.8194097048524,14.2196098049025,0,0,46.9609804902451
55,3,26.2104341298636,12.7986988615038,0.0125109470786939,0.0500437883147754,60.9283122732391
55,7,13.994751968012,7.78458078220667,0,0,78.2206672497813
56,6,60.6079559669752,18.951713785339,0,0.0375281461095822,20.4028021015762
56,5,46.7784311272363,16.7396471912924,0,0.0375328412360816,36.4443888402352
56,2,48.1314835645544,16.5979252593426,0,0.0499937507811524,35.2205974253218
56,4,51.7361978516113,16.2003497376967,0.0124906320259805,0.0124906320259805,32.03847114664
56,1,50.3564727954972,17.2732958098812,0,0.0375234521575985,32.332707942464
56,3,43.6827620715537,13.5101325994496,0,0.0250187640730548,42.7820865649237
56,7,29.2847334914493,14.242915990513,0,0.012482836100362,56.4598676819373
57,6,63.6897327004746,21.3839620284786,0,0.0499625281039221,14.8763427429428
57,5,33.3333333333333,16.2351469668543,0,0.0125078173858662,50.4190118824265
57,2,35.4161459635091,15.971007248188,0.0124968757810547,0,48.6003499125219
57,4,44.8413689732701,19.3105171121659,0.0124906320259805,0.0374718960779415,35.7981513864602
57,1,36.6042446941323,17.3782771535581,0,0.0374531835205993,45.980024968789
57,3,29.8300424893777,12.9342664333917,0.0249937515621095,0.0249937515621095,57.1857035741065
57,7,14.475,7.175,0.0125,0.0125,78.325
58,6,53.3508049419693,17.6463247223262,0,0.124797204542618,28.8780731311619
58,5,38.3702037245344,15.4105736782902,0.0124984376952881,0.0499937507811524,46.1567304086989
58,2,39.472368092023,16.2665666416604,0,0.0250062515628907,44.2360590147537
58,4,45.2273863068466,13.9430284857571,0,0.0374812593703148,40.792103948026
58,1,39.0265265265265,12.4124124124124,0,0.025025025025025,48.536036036036
58,3,33.75,12.1,0,0.0375,54.1125
58,7,25.627889541422,10.5460452330376,0,0.0249906285143071,63.8010745970261
59,6,63.0888416843684,21.7168561789329,0,0.0249906285143071,15.1693115081844
59,5,43.8491320094917,22.5677532159361,0,0.0124890720619458,33.5706257025103
59,2,43.6781609195402,19.127936031984,0.0124937531234383,0,37.1814092953523
59,4,55.8180227471566,23.4595675540557,0,0.0124984376952881,20.7099112610924
59,1,47.1169480925578,21.5134459036898,0,0.0250156347717323,31.3445903689806
59,3,38.3260462211118,17.0643347907558,0.0124921923797626,0.0124921923797626,44.5846346033729
59,7,20.3254067584481,14.8936170212766,0.0250312891113892,0.0125156445556946,64.7434292866083
60,6,52.8058992625922,17.8602674665667,0,0.0499937507811524,29.28383952006
60,5,28.7751782809959,9.75853872138121,0.0125109470786939,0.0250218941573877,61.4287501563868
60,2,29.4735525822183,10.9416031011629,0,0.0250093785169439,59.5598349381018
60,4,33.0168644597127,11.5178013741412,0,0.0499687695190506,55.4153653966271
60,1,36.9665874108372,15.5549993742961,0,0.0500563133525216,47.4283569015142
60,3,29.3911738967371,9.26365795724466,0,0.0250031253906738,61.3201650206276
60,7,16.8875,7.1375,0.0125,0.0125,75.95
61,6,64.9956244530566,20.9026128266033,0.0125015626953369,0.0250031253906738,14.064258032254
61,5,48.6685835729466,19.6399549943743,0.0125015626953369,0.0250031253906738,31.6539567445931
61,2,50.8311461067367,21.2223472065992,0.0124984376952881,0.0249968753905762,27.9090113735783
61,4,55.9720139930035,18.8530734632684,0.0124937531234383,0.0374812593703148,25.1249375312344
61,1,52.4344569288389,18.1772784019975,0,0.0249687890137328,29.3632958801498
61,3,44.0044966275294,18.6984761428928,0.024981264051961,0,37.2720459655259
61,7,27.2715910511186,15.1481064866892,0.0124984376952881,0.0249968753905762,57.5428071491064
62,6,55.2404747033104,21.7114303560275,0,0.0499687695190506,22.998126171143
62,2,33.8540364908773,13.7590602349413,0,0.0249937515621095,52.3619095226193
62,5,31.0771925434755,13.5993994745402,0.0125109470786939,0.0375328412360816,55.2733641936695
62,4,38.3547943492937,17.4146768346043,0,0.0250031253906738,44.2055256907113
62,1,37.2703412073491,15.2105986751656,0.0249968753905762,0.0249968753905762,47.4690663667042
62,3,24.4936234058515,10.8277069267317,0,0.0125031257814454,64.6661665416354
62,7,15.1261553834624,9.81763677242068,0,0.0124906320259805,75.0437172120909
63,6,56.2031015507754,20.1975987993997,0,0.0500250125062531,23.5492746373187
63,5,42.8107026756689,16.3165791447862,0,0.0375093773443361,40.8352088022005
63,2,44.0904547726137,16.191904047976,0.0124937531234383,0.0124937531234383,39.6926536731634
63,4,47.7662370166437,14.8542109873608,0,0.0375422350143912,37.3420097609811
63,1,48.1009495252374,14.68015992004,0,0.0624687656171914,37.1564217891054
63,3,39.664874327873,12.6172314617982,0.0125046892584719,0.0500187570338877,47.6553707640365
63,7,27.8547360539124,13.2534631224261,0,0.0374391613627855,58.8543616622988
64,6,61.707713464183,22.8778597324666,0,0.0375046880860107,15.3769221152644
64,5,43.826543364159,16.2459385153712,0.0124968757810547,0,39.9150212446888
64,2,37.125,17.7875,0,0.0125,45.075
64,4,45.5466599949962,20.1526144608456,0,0.0125093820365274,34.2882161621216
64,1,46.45,21.0625,0.0125,0.0125,32.4625
64,3,31.4446529080675,16.0100062539087,0,0.0125078173858662,52.5328330206379
64,7,15.8006495128654,9.78016487634274,0,0.024981264051961,74.3942043467399
65,6,51.8444416656246,17.6941353007378,0,0.0625234462923596,30.3988995873453
65,5,33.9582552180977,12.060992375953,0,0.0749906261717285,53.9057617797775
65,2,33.6794695358439,13.8996622044289,0.0125109470786939,0.0250218941573877,52.3833354184912
65,4,36.4556013488198,14.7745722492819,0.0124890720619458,0.062445360309729,48.6948919695267
65,1,38.5932033983009,13.9180409795102,0,0.0374812593703148,47.4512743628186
65,3,30.657664416104,10.6276569142286,0.0125031257814454,0.0125031257814454,58.6896724181045
65,7,19.534184823441,9.52917605810168,0.0125219133483596,0.0250438266967193,70.8990733784122
66,6,64.2598376014991,20.3497813866334,0,0.0499687695190506,15.3404122423485
66,5,48.8319800124922,20.6495940037477,0.0249843847595253,0.0249843847595253,30.4684572142411
66,2,46.3786213786214,19.542957042957,0,0.04995004995005,34.0284715284715
66,4,49.4818329379448,19.1784242726932,0,0.0124859533025346,31.3272568360594
66,1,50.3812023497063,20.5849268841395,0.0124984376952881,0.0374953130858643,28.9838770153731
66,3,40.1699787526559,16.6104236970379,0,0.0124984376952881,43.2070991126109
66,7,23.3946676680436,12.9427963449743,0,0.0125172111653524,63.6500187758167
67,6,54,20.95,0,0.0625,24.9875
67,5,30.3412926615827,14.4768096012002,0,0.0250031253906738,55.1568946118265
67,2,27.3726273726274,11.2762237762238,0.024975024975025,0.04995004995005,61.2762237762238
67,4,36.260162601626,18.1988742964353,0,0.0250156347717323,45.515947467167
67,1,35.0056299261854,13.7119979982485,0,0.0125109470786939,51.2698611284874
67,3,25.35,10.2375,0.025,0.0375,64.35
67,7,15.214401800225,8.126015751969,0.0125015626953369,0.0125015626953369,76.6345793224153
68,6,58.0560420315236,18.3762822116587,0,0.062546910182637,23.505128846635
68,5,35.8,17.7875,0.0125,0.0375,46.3625
68,2,38.6741713570982,14.4965603502189,0,0.0250156347717323,46.8042526579112
68,4,41.6937703277458,12.1341005754316,0,0.0125093820365274,46.1596197147861
68,1,46.4116029007252,15.3538384596149,0.0250062515628907,0.0250062515628907,38.1845461365341
68,3,36.6875,11.9625,0,0.025,51.325
68,7,27.3476523476523,11.6758241758242,0,0.04995004995005,60.9265734265734
69,6,64.0195097548774,21.2981490745373,0,0.0375187593796898,14.6448224112056
69,5,44.4777611194403,21.8390804597701,0,0.0124937531234383,33.6706646676662
69,2,39.8749218261413,17.5359599749844,0,0.0375234521575985,42.5515947467167
69,4,45.1318585176853,18.4351956005499,0.0124984376952881,0.0374953130858643,36.3829521309836
69,1,47.1808976122015,19.7149643705463,0,0.0375046880860107,33.0666333291661
69,3,35.7151780137414,16.5521549031855,0,0.0124921923797626,47.7201748906933
69,7,17.4875,11.9875,0,0.0375,70.4875
70,6,56.1601000625391,21.8261413383365,0,0.0375234521575985,21.9762351469669
70,5,24.8001998001998,10.9765234765235,0.0124875124875125,0.04995004995005,64.1608391608392
70,2,28.7462537462537,10.8766233766234,0.04995004995005,0.024975024975025,60.3021978021978
70,4,31.285195845326,12.664247278188,0.0125140783381304,0.0250281566762608,56.0130146414717
70,1,30.5559025608994,11.5927545284197,0.0124921923797626,0.0249843847595253,57.8138663335415
70,3,26.5466816647919,11.5860517435321,0.0124984376952881,0.0249968753905762,61.8297712785902
70,7,14.7926036981509,7.65867066466767,0.0124937531234383,0.0124937531234383,77.5237381309345
71,6,58.0395098774694,17.4168542135534,0.0125031257814454,0.0625156289072268,24.4686171542886
71,5,39.5319734701539,14.015767738706,0.0125140783381304,0.0250281566762608,46.4147165561256
71,2,43.4641339665084,15.1837040739815,0,0.0249937515621095,41.327168207948
71,4,44.1459452705236,14.5070598525553,0,0.0374859427714607,41.3095089341497
71,1,44.1389652586853,15.1087228192952,0.0124968757810547,0.0249937515621095,40.7148212946763
71,3,37.7292576419214,12.8883343730505,0.0124766063630692,0.0374298190892077,49.3325015595758
71,7,26.4650755966513,12.6452580282394,0.0249906285143071,0.0249906285143071,60.8396851180807
72,6,62.2063968015992,22.8885557221389,0,0.0249875062468766,14.880059970015
72,5,41.0381488430269,19.9499687304565,0,0.0250156347717323,38.9868667917448
72,2,40.9692730452161,19.7476892330752,0,0.024981264051961,39.2580564576568
72,4,51.243905488186,20.9776222027753,0,0.0125015626953369,27.7659707463433
72,1,44.0029985007496,18.9530234882559,0,0.0374812593703148,37.0064967516242
72,3,36.0475297060663,16.0600375234522,0,0.0375234521575985,47.854909318324
72,7,19.4725659292588,9.66129233845769,0.0124984376952881,0.0249968753905762,70.8286464191976
73,6,50.8444889278118,21.0684348805205,0,0.0375328412360816,28.0495433504316
73,5,25.8810297425644,11.4971257185704,0.0124968757810547,0.0249937515621095,62.5843539115221
73,2,31.1836020497438,13.4733158355206,0,0.0249968753905762,55.3180852393451
73,4,35.3955755530559,12.2234720659918,0.0124984376952881,0.0249968753905762,52.3434570678665
73,1,30.3792714983102,11.8788333959194,0.0125172111653524,0.0125172111653524,57.7168606834397
73,3,24.4594425696788,10.3862017247844,0,0.0249968753905762,65.1293588301462
73,7,14.2625,8.7625,0,0.0125,76.9625
74,6,64.2303848075962,17.8410794602699,0,0.0374812593703148,17.8910544727636
74,5,44.3708609271523,17.1060852180432,0,0.0249906285143071,38.4980632262901
