moment,node,user,system,iowait,softirq,idle
1,2,0.17493439960015,0.0499812570286143,0,0,99.7750843433712
1,3,0.124921923797626,0.0499687695190506,0.0624609618988132,0,99.7626483447845
1,5,0.124859533025346,0.0249719066050693,0,0.0124859533025346,99.8376826070671
1,4,0.112443778110945,0.0249875062468766,0.0499750124937531,0,99.8125937031484
1,1,0.124906320259805,0.024981264051961,0,0,99.8501124156882
1,6,0.087467199800075,0.0249906285143071,0,0,99.8875421716856
1,7,0.162378216337747,0.0499625281039221,0,0,99.7876592555583
2,2,0.18738288569644,0.212367270455965,0.0124921923797626,0.0124921923797626,99.5752654590881
2,3,2.11197200699825,0.737315671082229,0,0.0374906273431642,97.1132216945764
2,5,0.0749063670411985,0.0249687890137328,0.0124843945068664,0,99.8876404494382
2,4,0.137345486327881,0.112373579722812,0.0124859533025346,0.0124859533025346,99.7253090273442
2,1,0.0874453466583385,0.0124921923797626,0,0,99.9000624609619
2,6,0.174978127734033,0.374953130858643,0,0.0374953130858643,99.4125734283215
2,7,0.149831439630416,0.0249719066050693,0.0124859533025346,0.0124859533025346,99.8002247471594
3,2,2.61217347831521,0.699912510936133,0.0124984376952881,0.0124984376952881,96.6629171353581
3,3,11.1306091752319,0.827275006267235,0.0250689395838556,0,88.017046878917
3,5,2.06172685243034,0.774709483943521,0,0.0124953142571536,97.151068349369
3,4,2.37529691211401,0.712589073634204,0.0125015626953369,0.0250031253906738,96.8746093261658
3,1,2.16331124171564,0.675253219957484,0.0125046892584719,0.0500187570338877,97.0989120920345
3,6,2.63684078980255,0.912271932016996,0.0124968757810547,0.0249937515621095,96.4133966508373
3,7,2.11223597050369,0.737407824021997,0.0124984376952881,0.0499937507811524,97.0878640169979
4,2,14.0122607281371,1.06343050168898,0.0125109470786939,0,84.9117978230952
4,3,12.8358955130609,0.999875015623047,0.0249968753905762,0,86.1392325959255
4,5,8.78201124297314,0.787008119925047,0.0249843847595253,0,90.4059962523423
4,4,9.32182182182182,0.800800800800801,0.0125125125125125,0,89.8648648648649
4,1,9.09545227386307,0.962018990504748,0.0124937531234383,0,89.9300349825087
4,6,9.3375,0.675,0.025,0,89.9625
4,7,10.4861892263467,0.899887514060742,0.0124984376952881,0,88.6014248218973
5,2,10.2099475131217,0.799800049987503,0.0124968757810547,0.0249937515621095,88.9527618095476
5,3,22.4809112529728,1.65227187382651,0,0.0375516334960571,75.8292652397046
5,5,14.0192765051946,1.06396294905495,0,0.0375516334960571,84.8792089122544
5,4,13.8513513513514,1.1011011011011,0.125125125125125,0.0125125125125125,84.9099099099099
5,1,14.063675106543,0.839809476059163,0,0.0376034093757834,85.0589120080221
5,6,16.144397092003,1.22837803960892,0,0.0501378791677112,82.5770869892204
5,7,15.4058116232465,1.18987975951904,0.0125250501002004,0.0250501002004008,83.3667334669339
6,3,59.5672836418209,14.5947973986993,0,0.087543771885943,25.7503751875938
6,2,55.1362159460135,17.808047988003,0,0.0499875031242189,27.0057485628593
6,5,39.5200599925009,11.8735158105237,0.0124984376952881,0.0249968753905762,48.5689288838895
6,4,39.9574521336504,11.0749593292454,0.125140783381304,0.0375422350143912,48.8049055187085
6,1,53.9942492811601,18.0272534066758,0.0250031253906738,0.0375046880860107,27.9159894986873
6,6,55.9239334417615,17.6029025397223,0.0125109470786939,0.0625547353934693,26.398098336044
6,7,45.9672377141428,17.8692009503564,0.0750281355508316,0.0625234462923596,36.0260097536576
7,2,28.0780780780781,7.54504504504505,0.0125125125125125,0.125125125125125,64.2392392392392
7,3,12.9282320580145,3.72593148287072,0.0750187546886722,0.200050012503126,83.070767691923
7,5,5.66037735849057,0.949643883543671,0.0374859427714607,0.087467199800075,93.2650256153942
7,4,4.45111277819455,0.825206301575394,0.0125031257814454,0.0750187546886722,94.6361590397599
7,1,11.790447611903,5.28882220555139,0,0.0500125031257814,82.8707176794199
7,6,30.4636591478697,8.7468671679198,0.025062656641604,0.175438596491228,60.5889724310777
7,7,5.72786393196598,0.925462731365683,0.0250125062531266,0.0625312656328164,93.2591295647824
8,2,0.162357936805295,0.0499562882477832,0.137379792681404,0,99.6503059822655
8,3,0.149906308557152,0.0499687695190506,0,0,99.8001249219238
8,5,0.0874016731177425,0.0499438132101386,0.0249719066050693,0,99.8376826070671
8,4,0.0499625281039221,0.0499625281039221,0.0124906320259805,0,99.8875843117662
8,1,0.0874344241818636,0.024981264051961,0.024981264051961,0,99.8626030477142
8,6,0.124953142571536,0.0624765712857678,0.17493439960015,0,99.6376358865425
8,7,0.162459385153712,0.0499875031242189,0,0,99.7875531117221
9,2,0.112387612387612,0.024975024975025,0.0124875124875125,0,99.8501498501498
9,3,0.112457828314382,0.0624765712857678,0.262401599400225,0,99.5626640009996
9,5,0.124890720619458,0.0249781441238916,0.0124890720619458,0,99.8376420631947
9,4,0.112415688233825,0.0624531601299026,0,0,99.8251311516363
9,1,0.0999625140572285,0.0499812570286143,0.299887542171686,0,99.5501686867425
9,6,0.0999375390381012,0.0749531542785759,0.524672079950031,0,99.3004372267333
9,7,0.212261206143089,0.0749157198152079,0.262205019353228,0.0124859533025346,99.4381321013859
10,2,0.0874453466583385,0.0499687695190506,0.66208619612742,0,99.2004996876952
10,3,0.124890720619458,0.0874235044336206,0.0124890720619458,0,99.775196702885
10,5,0.112401648557512,0.062445360309729,0.23729236917697,0,99.5878606219558
10,4,0.087467199800075,0.0499812570286143,0.0124953142571536,0,99.8500562289142
10,1,0.0875,0.0375,0.0125,0,99.8625
10,6,0.112401648557512,0.0249781441238916,0.0249781441238916,0,99.8376420631947
10,7,0.087467199800075,0.0499812570286143,0.0124953142571536,0,99.8500562289142
11,2,0.112415688233825,0.0624531601299026,0.0999250562078441,0,99.7252060954284
11,3,0.162439085342996,0.0499812570286143,0.262401599400225,0,99.5251780582282
11,5,0.112429731417864,0.0499687695190506,0.174890693316677,0,99.6627108057464
11,4,0.0749625187406297,0.0124937531234383,0,0,99.9125437281359
11,1,0.087456271864068,0.0374812593703148,0.212393803098451,0,99.6626686656672
11,6,0.0999375390381012,0.0624609618988132,0.162398500936914,0,99.6752029981262
11,7,0.149962509372657,0.0374906273431642,0.174956260934766,0,99.6375906023494
12,2,0.0749812546863284,0.0999750062484379,1.03724068982754,0,98.7878030492377
12,5,0.0999375390381012,0.149906308557152,1.41161773891318,0,98.3385384134916
12,3,0.17478152309613,0.0374531835205993,0.0124843945068664,0,99.7752808988764
12,4,0.087456271864068,0.0374812593703148,0,0,99.8750624687656
12,1,0.137396952285786,0.0624531601299026,0.624531601299026,0,99.1756182862853
12,6,0.124921923797626,0.0874453466583385,0.66208619612742,0,99.1255465334166
12,7,0.112429731417864,0.0999375390381012,0.712054965646471,0,99.0755777638976
13,2,19.2235441452724,1.12711333750783,0.47589229805886,0.0876643706950532,79.0857858484659
13,3,29.8462314091253,1.41164608016133,0,0.126039828585833,68.6160826821276
13,5,23.6505146874215,1.343208636706,0.100426813959327,0.0878734622144113,74.8179763996987
13,4,23.8740434073516,1.48036632793878,0.715092209258562,0.11290929619872,73.8175887592523
13,1,22.2305670296658,1.68982350732257,1.67730629615722,0.125172111653524,74.2771310552009
13,6,21.2398246712586,1.36505948653726,1.03944896681277,0.100187852222918,76.2554790231684
13,7,21.2277178006528,1.54406226462465,2.52322370072809,0.100426813959327,74.5920160682902
14,2,13.0445699937225,2.77463904582549,0.0125549278091651,0.112994350282486,84.0552416823603
14,3,17.6101418350697,1.55642023346304,0,0.112965984686833,80.7204719467805
14,1,13.2021063189569,1.01554663991976,0.0125376128385155,0.0752256770310933,85.6945837512538
14,5,13.6312429590687,0.963825259732132,0.0250344223307047,0.0876204781574665,85.292276880711
14,4,13.730407523511,1.00313479623824,0.0376175548589342,0.125391849529781,85.1034482758621
14,6,14.8736552414311,1.0507880910683,0,0.100075056292219,83.9754816112084
14,7,13.4298552171742,0.998502246630055,0,0.0499251123315027,85.5217174238642
15,2,35.8365612895164,21.3045108084468,0,0.0374859427714607,42.8214419592653
15,3,44.7,25.4375,0,0.075,29.7875
15,1,32.8784274445975,17.4158006760987,0.025040691123075,0.025040691123075,49.6556904970577
15,5,36.1284678830292,22.606848287928,0.0124968757810547,0.0499875031242189,41.2021994501375
15,4,36.4795599449931,19.8774846855857,0,0.0375046880860107,43.6054506813352
15,6,43.018018018018,24.4369369369369,0.0125125125125125,0.025025025025025,32.5075075075075
15,7,22.0347456567929,15.8480189976253,0.0249968753905762,0.0374953130858643,62.0547431571054
16,2,44.6292359634863,26.4224084031512,0,0.0375140677754158,28.9108415655871
16,3,51.3202352646728,30.0713302465273,0,0.062570391690652,18.5458640971092
16,1,44.8831688116956,26.202673997251,0,0.0249906285143071,28.889166562539
16,5,46.6875,31.4875,0,0,21.825
16,4,49.2192379762648,27.682698313554,0,0.0374765771392879,23.0605871330418
16,6,50.2627627627628,26.5640640640641,0,0.025025025025025,23.1481481481481
16,7,23.0393385116512,18.7171135053871,0.0250563768479078,0.0375845652718617,58.1809070408419
17,2,35.5561115976479,23.2078068309771,0.0125109470786939,0.0125109470786939,41.2110596772176
17,3,42.5622419617165,24.8217190041286,0.0250218941573877,0.137620417865632,32.4533967221319
17,1,31.2156078039019,20.1225612806403,0.0125062531265633,0.0625312656328164,48.5867933966983
17,5,38.036272670419,21.6010006253909,0.0125078173858662,0.0375234521575985,40.3126954346467
17,4,42.6338169084542,24.8124062031015,0,0.0250125062531266,32.5287643821911
17,6,45.7989497374344,24.4311077769442,0,0.0125031257814454,29.75743935984
17,7,21.3954653638983,17.0612551672304,0,0.0125266190655142,61.5307528498058
18,2,41.2418790604698,22.5137431284358,0,0.0374812593703148,36.2068965517241
18,3,45.2714535901926,24.3932949712284,0,0.0250187640730548,30.3102326745059
18,1,37.2142410993129,23.4478450968145,0,0.0374765771392879,39.3004372267333
18,4,45.8838226108682,20.5496564647096,0.0124921923797626,0.0249843847595253,33.5290443472829
18,5,46.0452330376109,27.0398600524803,0,0.0249906285143071,26.8899162813945
18,6,51.869918699187,26.1913696060038,0,0.0250156347717323,21.9136960600375
18,7,25.8902911408222,20.7047357241035,0,0.0124953142571536,53.3924778208172
19,2,40.838023764853,23.9024390243902,0,0.0250156347717323,35.234521575985
19,3,47.9474342928661,27.1088861076345,0,0.0500625782227785,24.8936170212766
19,1,38.1029742564359,23.056735816046,0.0124968757810547,0.0124968757810547,38.815296175956
19,4,43.0234013264923,26.680015016894,0,0.0125140783381304,30.2840695782756
19,5,43.2979387882573,25.0093691442848,0,0.0124921923797626,31.6801998750781
19,6,50.0312539067383,26.3782972871609,0.0125015626953369,0.0250031253906738,23.5529441180148
19,7,18.9969984992496,15.0075037518759,0.0250125062531266,0.0250125062531266,65.9454727363682
20,2,38.5337170023771,19.6046540723133,0.112598523708245,0.0250218941573877,41.724008507444
20,3,44.9768547479044,22.4571500062555,0,0.087576629550857,32.4784186162893
20,1,34.6096096096096,19.7322322322322,0.025025025025025,0.0375375375375375,45.5955955955956
20,4,41.4719480194927,20.5797825815319,0,0.0374859427714607,37.9107834562039
20,5,39.9099774943736,19.8924731182796,0.0125031257814454,0.0125031257814454,40.1725431357839
20,6,45.1895408482422,21.8941573877143,0,0.0375328412360816,32.8787689228075
20,7,22.1763602251407,15.0218886804253,0,0.0250156347717323,62.7767354596623
21,2,44.6540094928803,21.6962278291282,0,0.024981264051961,33.6247814139395
21,3,48.5181943228711,26.3723896461173,0.0125046892584719,0.0750281355508316,25.0218832062023
21,1,40.4996876951905,21.3241723922548,0,0.0249843847595253,38.1511555277951
21,4,46.475,24.325,0.0125,0.0125,29.175
21,5,47.2309038629829,28.0410051256407,0,0.0125015626953369,24.7155894486811
21,6,53.9509877469367,23.3183295823956,0,0.0250062515628907,22.7056764191048
21,7,23.4410217881292,17.7059854745805,0.0125219133483596,0,58.8404708239419
22,2,35.0050025012506,20.2101050525263,0.0125062531265633,0.0500250125062531,44.7223611805903
22,1,35.0587646911728,21.8554638659665,0,0.0250062515628907,43.0607651912978
22,3,42.8785982478098,23.5419274092616,0.0125156445556946,0.0876095118898623,33.4793491864831
22,4,40.0200100050025,22.8114057028514,0,0.0250125062531266,37.1435717858929
22,5,41.6677084635579,20.1650206275784,0,0.0250031253906738,38.1422677834729
22,6,45.5545829686132,23.2462173314993,0,0.0500187570338877,31.1491809428536
22,7,22.0122637967714,15.742710549368,0,0.0500563133525216,62.1949693405081
23,2,44.9494318891247,23.9230865276564,0.0124859533025346,0.0249719066050693,31.0775377700087
23,1,42.2855713928482,23.0432608152038,0,0.0250062515628907,34.6461615403851
23,3,52.3857107169623,25.5558331251561,0,0.0499625281039221,22.0084936297777
23,4,43.7335999000375,23.9910033737348,0.0124953142571536,0.0499812570286143,32.2129201549419
23,5,49.312671832042,27.7055736065983,0,0.0499875031242189,22.9317670582354
23,6,53.8711694809256,27.3671044402752,0,0,18.7617260787992
23,7,24.6715876391843,19.329413236582,0.0250218941573877,0.0250218941573877,55.9489553359189
24,2,36.7362239160315,20.1049606397601,0,0.0249906285143071,43.1338248156941
24,1,33.7546933667084,20.3504380475595,0.0125156445556946,0.0125156445556946,45.8698372966208
24,3,43.196895731631,27.1498310176493,0.0125172111653524,0.0500688446614094,29.590687194893
24,4,42.5646148083406,24.6597577725059,0.0124859533025346,0.0374578599076039,32.7256836059433
24,5,38.6241400875547,21.5634771732333,0,0.0250156347717323,39.7873671044403
24,6,48.0771639734436,24.2765877489666,0,0.0250532381310284,27.6211950394589
24,7,17.6507380535402,14.0980735551664,0,0.0250187640730548,68.2261696272204
25,2,41.3396650837291,20.1449637590602,0.0124968757810547,0.0249937515621095,38.4778805298675
25,1,39.2272102038264,19.7699137176441,0.0125046892584719,0.0250093785169439,40.965362010754
25,3,47.2431077694236,20.9398496240602,0,0.025062656641604,31.7919799498747
25,4,44.7194100737408,20.6849143857018,0,0.0499937507811524,34.5456817897763
25,5,43.671835917959,22.4112056028014,0,0.0375187593796898,33.8794397198599
25,6,52.9382345586397,21.6554138534634,0,0.0250062515628907,25.3813453363341
25,7,24.7528469528219,16.793893129771,0.0125140783381304,0.0375422350143912,58.4032036040546
26,2,43.8890277430642,26.6808297925519,0,0.0374906273431642,29.3926518370407
26,3,51.725,26.5375,0,0.05,21.6875
26,1,38.3279180204949,22.8067983004249,0.0124968757810547,0,38.8527868032992
26,4,46.8949144070973,25.0156191428214,0.0249906285143071,0.0374859427714607,28.0269898787955
26,5,46.0960960960961,26.8268268268268,0,0.0375375375375375,27.0395395395395
26,6,56.8965517241379,24.9250374812594,0,0.0124937531234383,18.1659170414793
26,7,21.1065317846884,15.8236543024853,0,0.0249781441238916,63.0448357687024
27,2,36.1229078191356,18.0489632775418,0,0.0374718960779415,45.7906570072446
27,1,34.4594594594595,18.968968968969,0,0.025025025025025,46.5465465465465
27,3,44.3319585051869,22.4596925384327,0,0.0499937507811524,33.1583552055993
27,5,39.3791463261985,19.2639879834773,0,0.0375516334960571,41.3193140568281
27,4,38.3893960235088,21.7956733775166,0,0.0375140677754158,39.7774165311992
27,6,46.3597698273705,19.427070302727,0.0250187640730548,0.0375281461095822,34.1506129597198
27,7,19.4996873045654,12.9831144465291,0,0.0125078173858662,67.5046904315197
28,2,44.5152423788106,25.5747126436782,0,0.0249875062468766,29.8850574712644
28,1,43.8890277430642,23.294176455886,0,0,32.8167958010497
28,3,51.9264448336252,27.6207155366525,0,0.062546910182637,20.3902927195397
28,5,47.8364182091046,26.8384192096048,0,0.0500250125062531,25.2751375687844
28,4,49.2867867867868,22.5850850850851,0.025025025025025,0.0625625625625626,28.0405405405405
28,6,53.3916302311056,23.7976264834478,0,0.0374765771392879,22.7732667083073
28,7,25.409528573215,17.2189571089158,0,0.0250093785169439,57.3465049393523
29,2,37.4170942310099,19.8598423226129,0.0250281566762608,0.0375422350143912,42.6604930546865
29,1,32.0790098762345,19.5899487435929,0.0250031253906738,0.0250031253906738,48.2810351293912
29,3,43.827392120075,25.1156973108193,0,0.100062539086929,30.9568480300188
29,5,43.533674871923,22.291640634762,0,0.112457828314382,34.0622266650006
29,4,41.0647338165459,19.7075731067233,0,0.0374906273431642,39.1902024493877
29,6,50.0312695434647,21.6510318949343,0,0.0375234521575985,28.2801751094434
29,7,20.1501877346683,12.0275344180225,0.0125156445556946,0.0500625782227785,67.7596996245307
30,2,46.8816397950256,27.7590301212348,0.0124984376952881,0.0249968753905762,25.3218347706537
30,3,52.434597571661,26.4113155588935,0.0375516334960571,0.0375516334960571,21.0789836024534
30,1,43.2341170585293,25.1500750375188,0,0.0125062531265633,31.6033016508254
30,5,49.7376311844078,24.1879060469765,0,0.0374812593703148,26.0369815092454
30,4,51.3946216385241,26.6416510318949,0.0125078173858662,0.0250156347717323,21.9262038774234
30,6,56.1640410102526,24.9812453113278,0,0.0250062515628907,18.8297074268567
30,7,24.1564608847788,17.9080229942514,0,0.0499875031242189,57.8855286178455
31,2,35.1523476523477,20.2172827172827,0,0.0124875124875125,44.6178821178821
31,1,37.1689155422289,16.791604197901,0,0.0499750124937531,45.9895052473763
31,3,43.260815203801,24.5186296574144,0,0.0750187546886722,32.145536384096
31,5,42.151344590369,24.5903689806129,0.0125078173858662,0.0375234521575985,33.2082551594747
31,4,42.0275344180225,21.514392991239,0,0.0625782227784731,36.3954943679599
31,6,46.4031027148755,24.684098586263,0,0.0375328412360816,28.8752658576254
31,7,20.8437656484727,14.1587381071607,0,0.0500751126690035,64.9474211316976
32,2,47.4381404648838,23.8815296175956,0.0124968757810547,0.0249937515621095,28.6428392901775
32,3,51.1627906976744,25.2813203300825,0.0125031257814454,0.0500125031257814,23.4933733433358
32,1,43.0303787973497,23.5154394299287,0,0.0250031253906738,33.4291786473309
32,5,48.6926060302765,24.1336169148004,0.0125109470786939,0.0125109470786939,27.1487551607657
32,4,49.3181533842112,25.3221568872764,0,0.0250218941573877,25.3346678343551
32,6,55.4015236667916,24.1788435119271,0,0.0124890720619458,20.4071437492194
32,7,23.2497192062898,20.7412953949832,0,0.0748783227255709,55.9341070760015
33,2,36.7966991747937,21.2928232058015,0.0250062515628907,0.0750187546886722,41.8104526131533
33,3,42.932199149362,23.8053540155116,0.0125093820365274,0.0750562922191644,33.1748811608707
33,1,32.6116881491678,19.5595044424978,0,0.0250281566762608,47.8037792516581
33,5,41.2612838515547,22.3671013039117,0,0.0376128385155466,36.3340020060181
33,4,39.4102211670624,20.4173434961889,0.0124953142571536,0.0999625140572285,40.0599775084343
33,6,47.8575890068707,23.2354778263585,0.0249843847595253,0.0249843847595253,28.8569643972517
33,7,21.2938678656176,15.8236543024853,0.0124890720619458,0.0499562882477832,62.8200324715874
34,2,48.1647940074906,25.6928838951311,0,0.0249687890137328,26.1173533083645
34,3,56.4945618202275,25.0406300787598,0,0.0750093761720215,18.3897987248406
34,1,44.8900549725137,26.7241379310345,0,0.0374812593703148,28.3483258370815
34,5,49.4561820227528,27.0533816727091,0,0.0375046880860107,23.4529316164521
34,4,51.6125,26.9875,0.0125,0.025,21.3625
34,6,56.925,24.6375,0,0.025,18.4125
34,7,26.3282910363795,16.9771221402675,0.0250031253906738,0.0125015626953369,56.6570821352669
35,2,38.9298662332792,18.8148518564821,0.0125015626953369,0.0125015626953369,42.2302787848481
35,3,45.9969977483112,23.3049787340505,0,0.0500375281461096,30.6479859894921
35,1,36.7803172224304,21.8558761084051,0.0124890720619458,0.0374672161858374,41.3138503809167
35,5,43.2577939151121,19.2938525103293,0.0125203455615375,0.0375610366846125,37.3982721923125
35,4,41.675,21.7375,0.0125,0.0375,36.5375
35,6,43.7085263553274,23.5883310379366,0,0.025040691123075,32.6781019156129
35,7,22.6476476476476,14.4894894894895,0,0.025025025025025,62.8378378378378
36,2,43.4358589647412,24.6561640410103,0,0.0375093773443361,31.8704676169042
36,3,51.210986267166,26.5917602996255,0,0.0499375780274657,22.147315855181
36,1,39.3875,23.1375,0,0.0875,37.3875
36,5,45.5738934733683,27.0942735683921,0,0.0375093773443361,27.2943235808952
36,4,46.8066491688539,27.4965629296338,0,0.0499937507811524,25.6467941507312
36,6,52.002002002002,28.3658658658659,0,0,19.6321321321321
36,7,23.1462925851703,17.6978957915832,0.0125250501002004,0.0375751503006012,59.1057114228457
37,2,42.3,18.775,0,0.025,38.9
37,3,42.7248842737395,23.7707994495183,0,0.087576629550857,33.4167396471913
37,1,34.6673336668334,18.3716858429215,0,0.0625312656328164,46.8984492246123
37,5,39.27186288002,20.9558363568122,0,0.0250218941573877,39.7472788690104
37,4,40.7032032032032,21.3088088088088,0.0125125125125125,0.0500500500500501,37.9254254254254
37,6,43.9929991248906,22.4653081635204,0.0125015626953369,0.0500062507813477,33.4791848981123
37,7,21.9942449643438,14.7003628174653,0,0.0250218941573877,63.2803703240335
38,2,43.5173619785161,24.4816387709218,0.0124906320259805,0.0374718960779415,31.9510367224582
38,3,54.4806899137608,25.8467691538558,0,0.0624921884764404,19.610048743907
38,1,42.0097609811037,26.0167688649731,0,0.0125140783381304,31.960956075585
38,5,49.76255936016,25.2686828292927,0,0.0374906273431642,24.9312671832042
38,4,49.6686257346505,25.5470801550581,0,0.0375140677754158,24.7467800425159
38,6,53.0653015357723,27.8936196778624,0,0.0749157198152079,18.9661630665501
38,7,24.7373686843422,17.6463231615808,0,0.0375187593796898,57.5787893946973
39,2,37.1171396424553,20.2775346918365,0,0.0625078134766846,42.5428178522315
39,3,45.3716427232979,19.9500312304809,0.0124921923797626,0.0999375390381012,34.5658963148032
39,1,34.4543067883485,18.1522690336292,0,0.0375046880860107,47.3559194899362
39,5,39.664874327873,21.7331499312242,0.0125046892584719,0.0250093785169439,38.5644616731274
39,4,39.9975009371486,19.5926527552168,0.0124953142571536,0.0249906285143071,40.3723603648632
39,6,48.317698561601,24.1525953721076,0.0250156347717323,0.0250156347717323,27.479674796748
39,7,22.2597597597598,14.8523523523524,0.025025025025025,0.0500500500500501,62.8128128128128
40,2,47.3921200750469,23.6022514071295,0.0125078173858662,0.0500312695434647,28.9430894308943
40,3,53.5732133933033,27.9985007496252,0,0.0624687656171914,18.3658170914543
40,1,43.4125,22.5,0.0125,0.0375,34.0375
40,4,49.6126936531734,26.4617691154423,0,0.0249875062468766,23.9005497251374
40,5,49.8936037050945,25.3849042433346,0,0.0250344223307047,24.6964576292402
40,6,55.1262815703926,25.3063265816454,0,0.0375093773443361,19.5298824706177
40,7,22.3167375531649,17.8633975481611,0.0125093820365274,0.0250187640730548,59.7823367525644
41,2,39.7852147852148,18.0569430569431,0.024975024975025,0.0874125874125874,42.0454545454545
41,3,47.0912048042037,21.1810334042287,0,0.100087576629551,31.6276742149381
41,1,37.9004004004004,18.4184184184184,0,0.025025025025025,43.6561561561562
41,5,40.2376485303315,20.5503439649781,0,0.0375234521575985,39.1744840525328
41,4,40.875,20.65,0,0.025,38.45
41,6,45.9682460307538,22.1402675334417,0,0.0375046880860107,31.8539817477185
41,7,24.7967987995498,15.8809553582593,0,0.0375140677754158,59.2847317744154
42,2,42.6911544227886,26.0619690154923,0.0124937531234383,0.0374812593703148,31.1969015492254
42,3,55.0068758594824,27.0283785473184,0,0.0375046880860107,17.9272409051131
42,1,39.1798974871859,24.6405800725091,0.0125015626953369,0.0375046880860107,36.1295161895237
42,4,45.684263197398,26.5824368276207,0.0250187640730548,0.0375281461095822,27.6707530647986
42,5,47.2204871955028,25.5590256089944,0.0124921923797626,0.0374765771392879,27.1705184259838
42,6,50.8192620387742,25.2407754846779,0,0,23.9399624765478
42,7,22.0847394075741,16.6979127609049,0.0249968753905762,0.0124984376952881,61.1798525184352
43,2,39.5415831663327,19.7645290581162,0,0,40.6938877755511
43,3,48.15,24.1875,0.0125,0.1,27.55
43,1,35.9945027486257,19.1529235382309,0,0.0374812593703148,44.8150924537731
43,5,40.6819885086185,20.0849362977767,0.024981264051961,0.024981264051961,39.1831126655009
43,4,41.5821754913005,20.7159844786582,0,0.0500688446614094,37.6517711853799
43,6,47.8799249530957,22.5641025641026,0.0125078173858662,0.0250156347717323,29.5184490306442
43,7,23.2011012388938,14.0783381303967,0,0.0250281566762608,62.6955324740333
44,2,44.0944881889764,24.8093988251469,0,0.0249968753905762,31.0711161104862
44,3,52.3375,24.775,0.0125,0.075,22.8
44,1,37.5875,25.6375,0,0.0375,36.7375
44,5,45.3727988010491,27.2636443112277,0,0.0249781441238916,27.3385787435993
44,4,48.4076433121019,26.7016360684401,0.0124890720619458,0.0374672161858374,24.8407643312102
44,7,22.8603603603604,19.7322322322322,0.0125125125125125,0.025025025025025,57.3698698698699
44,6,53.8,24.45,0,0.025,21.725
45,2,41.6635397123202,19.161976235147,0,0.0500312695434647,39.1244527829894
45,3,47.0742685671418,25.0812703175794,0,0.0750187546886722,27.7694423605901
45,1,38.0690345172586,18.4467233616808,0.0125062531265633,0.0250125062531266,43.4467233616808
45,5,44.1014746313422,20.557360659835,0.0124968757810547,0.0624843789052737,35.2661834541365
45,4,44.5069366329209,20.8348956380452,0,0.0624921884764404,34.5956755405574
45,6,47.7298311444653,23.9524702939337,0,0.0250156347717323,28.2926829268293
45,7,23.6809202300575,15.9664916229057,0.0250062515628907,0.0500125031257814,60.2775693923481
46,2,40.4018971542686,24.7254118821767,0.0124812780828757,0.0249625561657514,34.835247129306
46,3,52.1174266083698,25.8213616489694,0,0.0999375390381012,21.9612742036227
46,1,38.4865134865135,21.8156843156843,0.0124875124875125,0.0124875124875125,39.6728271728272
46,5,42.6588294147074,24.712356178089,0.0125062531265633,0.0250125062531266,32.5912956478239
46,4,44.7167687882956,26.5474552957359,0.0125046892584719,0.0250093785169439,28.6982618481931
46,7,20.6235912847483,17.0673678938142,0.0125219133483596,0.0125219133483596,62.2839969947408
46,6,52.0734449163128,26.1179115663253,0.0124906320259805,0.0624531601299026,21.7336997252061
47,2,42.1381291370051,19.7452229299363,0,0.0249781441238916,38.0916697889347
47,3,51.4507253626813,22.7238619309655,0.0125062531265633,0.087543771885943,25.7253626813407
47,5,44.1691691691692,23.2607607607608,0.0125125125125125,0.0375375375375375,32.52002002002
47,1,42.226943264184,20.1449637590602,0.0124968757810547,0.0249937515621095,37.5906023494126
47,4,46.2490622655664,21.7054263565891,0.0375093773443361,0.0625156289072268,31.9454863715929
47,6,49.8436131615163,21.3436757162517,0.0125109470786939,0.0250218941573877,28.7751782809959
47,7,26.624187906047,19.4777611194403,0.0249875062468766,0.0249875062468766,53.848075962019
48,2,43.2604622111181,25.421611492817,0.0249843847595253,0.0499687695190506,31.2429731417864
48,3,45.3966271080575,29.0568394753279,0,0.0374765771392879,25.5090568394753
48,5,44.3985996499125,22.8557139284821,0.0125031257814454,0.0500125031257814,32.6831707926982
48,1,38.3481194552043,22.0917156066475,0,0.0374859427714607,39.5226789953767
48,4,44.2958890416094,23.2662751468199,0,0.0374859427714607,32.4003498687992
48,6,49.9937523428714,26.3276271398226,0,0.0374859427714607,23.6411345745346
48,7,17.0436086467575,13.1325752842684,0.0124953142571536,0.0249906285143071,69.7863301262027
49,2,45.7332332332332,21.6091091091091,0,0.0125125125125125,32.6451451451451
49,3,50.4630788485607,24.9687108886108,0,0.0625782227784731,24.5056320400501
49,5,46.8918073796123,23.8023764853033,0,0.0500312695434647,29.255784865541
49,1,43.1073304978734,23.7177883412559,0.0250187640730548,0.0375281461095822,33.112334250688
49,4,47.1985992996498,22.1110555277639,0,0.0375187593796898,30.6528264132066
49,6,51.6637478108581,23.7177883412559,0.0125093820365274,0.0250187640730548,24.5809357017763
49,7,26.1038148843027,18.9243277048155,0.0125078173858662,0.0375234521575985,54.9218261413383
50,2,38.8930534732634,20.352323838081,0,0.0499750124937531,40.7046476761619
50,3,45.3566958698373,25.4943679599499,0,0.0750938673341677,29.0738423028786
50,5,42.5563909774436,24.2731829573935,0,0.037593984962406,33.1328320802005
50,1,34.0914771307173,20.769807548113,0,0.0749812546863284,45.0637340664834
50,4,42.2466575034362,24.6157690865925,0,0.0624765712857678,33.0750968386855
50,6,46.4767616191904,24.0379810094953,0.0124937531234383,0.0249875062468766,29.447776111944
50,7,19.2110847584571,11.8586942953439,0.012482836100362,0.012482836100362,68.9052552739983
51,2,46.9211514392991,23.7046307884856,0.0125156445556946,0.0250312891113892,29.3366708385482
51,3,54.1567695961995,24.8406050756345,0,0.0750093761720215,20.927615951994
51,5,47.3625,21.4125,0,0.0375,31.1875
51,1,46.420986883198,20.8119925046846,0,0.0374765771392879,32.7295440349781
51,4,48.7868934467234,22.7863931965983,0.0125062531265633,0.0250125062531266,28.3891945972986
51,6,52.0369907523119,26.4683829042739,0,0.0249937515621095,21.469632591852
51,7,25.5848867759289,17.9532090579257,0,0.0250218941573877,56.436882271988
52,2,39.8,19.9375,0,0.0125,40.25
52,3,45.275,26.1375,0,0.0625,28.525
52,5,42.9214607303652,21.1480740370185,0,0.0375187593796898,35.8929464732366
52,1,36.7494694794657,22.3068281113469,0,0.037448508301086,40.9062539008863
52,4,42.1691268451339,21.2034025519139,0,0.0500375281461096,36.5774330748061
52,6,48.8197826901461,23.3670538279006,0,0.0499562882477832,27.7632071937055
52,7,21.3848268966379,12.9608798900137,0.0374953130858643,0.0124984376952881,65.6042994625672
53,2,44.853859605296,28.21633774669,0.0124906320259805,0.0624531601299026,26.8548588558581
53,3,52.225,26.3125,0,0.05,21.4125
53,5,47.2381904523869,26.7683079230192,0,0.0374906273431642,25.9560109972507
53,4,52.0215296032044,24.2458380272875,0,0.0250344223307047,23.7075979471774
53,1,42.6498185912674,23.3078944076067,0,0.0125109470786939,34.0297760540473
53,6,54.2353823088456,26.6991504247876,0.0124937531234383,0.0249875062468766,19.0279860069965
53,7,23.8095238095238,17.4603174603175,0.0249968753905762,0.0124984376952881,58.6926634170729
54,2,42.8964482241121,20.3976988494247,0.0125062531265633,0.0125062531265633,36.6808404202101
54,3,45.648912228057,24.4936234058515,0.0250062515628907,0.0750187546886722,29.75743935984
54,5,39.9925037481259,25.5747126436782,0,0.0499750124937531,34.3828085957022
54,1,38.6087826848492,17.5778806455649,0,0.0125109470786939,43.8008257225072
54,4,43.216206077279,21.6456171064149,0,0.0500187570338877,35.0881580592722
54,6,47.8054270351382,24.7467800425159,0,0.0375140677754158,27.4102788545705
54,7,23.0105105105105,13.5635635635636,0.0125125125125125,0.0125125125125125,63.4009009009009
