moment,node,user,system,iowait,softirq,idle
1,5,0.112387612387612,0.0374625374625375,0.024975024975025,0,99.8251748251748
1,3,0.137431284357821,0.0249875062468766,0.0249875062468766,0,99.8125937031484
1,2,0.162357936805295,0.0374672161858374,0.0249781441238916,0,99.775196702885
1,4,0.174912543728136,0.0124937531234383,0,0,99.8125937031484
1,6,0.174847008867241,0.0249781441238916,0.0249781441238916,0,99.775196702885
1,1,0.0999625140572285,0.0249906285143071,0,0,99.8750468574285
1,7,0.174868848363727,0.024981264051961,0.024981264051961,0,99.7751686235324
2,5,0.199975003124609,0.32495938007749,0.0124984376952881,0.0249968753905762,99.437570303712
2,3,0.0874344241818636,0.137396952285786,0,0.0124906320259805,99.7626779915064
2,2,0.187336080929187,0.0374672161858374,0,0,99.775196702885
2,1,4.44083062296723,1.00075056292219,0.0125093820365274,0.0500375281461096,94.4958719039279
2,4,0.0624609618988132,0.0249843847595253,0,0,99.9125546533417
2,6,0.112387612387612,0.0374625374625375,0.024975024975025,0,99.8251748251748
2,7,0.112387612387612,0.0374625374625375,0,0,99.8501498501498
3,5,7.17505634861007,1.18958176809416,0.0250438266967193,0.0125219133483596,91.5977961432507
3,3,7.05897051474263,1.23688155922039,0.0124937531234383,0.0374812593703148,91.6541729135432
3,1,14.4629652838702,1.2031582905126,0.0125328988595062,0.0125328988595062,84.3088106278982
3,2,7.45970261152068,1.12457828314382,0.0124953142571536,0.0374859427714607,91.3657378483069
3,4,6.87022900763359,1.20135152046052,0.0125140783381304,0,91.9159053935678
3,6,7.17320669832542,1.16220944763809,0,0.0499875031242189,91.6145963509123
3,7,6.52826413206603,1.25062531265633,0,0.0250125062531266,92.1960980490245
4,5,8.11789684026477,0.736855251654802,0.0249781441238916,0.0124890720619458,91.1077806918946
4,3,8.62607825978247,0.725090636329541,0.0375046880860107,0,90.611326415802
4,1,7.06868509946203,0.562992618541224,0.0250218941573877,0,92.3433003878394
4,2,4.39615336580492,0.262270513300862,0.0249781441238916,0.0124890720619458,95.3041089047084
4,4,4.24628450106157,0.399650305982266,0.0249781441238916,0,95.3290870488323
4,6,4.32554069258657,0.32504063007876,0.125015626953369,0,95.2244030503813
4,7,5.31316414551819,0.48756094511814,0.0875109388673584,0,94.1117639704963
5,5,11.7558966679146,1.1106951204293,0.0249594409085236,0.0124797204542618,87.0959690502933
5,3,12.3111499562992,1.36096890997628,0.0124859533025346,0.0499438132101386,86.2654513672119
5,1,23.606064402957,1.91705300087708,0.0250595163513344,0.0501190327026688,74.4017040471119
5,2,16.3132137030995,1.2925084703225,0,0,82.394277826578
5,6,15.7341344348479,1.26423832770059,0.0125172111653524,0.0250344223307047,82.9640756039554
5,4,16.7270003744851,1.32318062663837,0,0.074897016602172,81.8749219822744
5,7,17.198248905566,1.57598499061914,0.075046904315197,0.0375234521575985,81.1131957473421
6,5,5.44022011005503,6.49074537268634,0.0250125062531266,0.0250125062531266,88.0190095047524
6,3,6.7207995003123,5.84634603372892,0.0124921923797626,0.0499687695190506,87.37039350406
6,1,12.2765345668209,5.73821727715965,0.0125015626953369,0.0875109388673584,81.8852356544568
6,2,8.32604075509439,8.42605325665708,0.0125015626953369,0.100012501562695,83.1353919239905
6,4,8.26456614153538,7.02675668917229,0,0.0250062515628907,84.6836709177294
6,6,7.27318170457386,6.71082229442639,0.0124968757810547,0.0874781304673832,85.9160209947513
6,7,9.2513770655984,6.96044066099149,0.187781672508763,0.0751126690035053,83.5252879318979
7,5,21.1630243657373,1.117809595579,0,0.087917608641045,77.6312484300427
7,1,47.9874213836478,1.72327044025157,0,0.188679245283019,50.1006289308176
7,3,23.2943837165473,1.52029149390627,0.0125643925116221,0.100515140092977,75.0722452569418
7,2,26.8961201501877,1.57697121401752,0,0.0750938673341677,71.4518147684606
7,6,21.9027378422303,1.18764845605701,0,0.0875109388673584,76.8221027628454
7,4,21.4868768052242,1.06743689564235,0,0.125580811252041,77.3201054878814
7,7,29.5357590966123,1.58092848180678,0.0125470514429109,0.175658720200753,68.6951066499373
8,5,18.0625,8.8875,0.1375,0.125,72.7875
8,3,19.1921726041144,8.46713497240341,0.0250878073256397,0.0752634219769192,72.2403411941796
8,1,27.1175806249216,11.645124858828,0.401556029614757,0.250972518509223,60.5847659681265
8,2,16.9934640522876,8.01910507792861,0.012569130216189,0.0879839115133233,74.8868778280543
8,6,16.9512807634355,8.37518834756404,0.0125565042692115,0.0878955298844802,74.5730788548468
8,4,18.2241227518551,7.16890957112313,0.0125770343353037,0.10061627468243,74.4811973336687
8,7,18.6865521995237,7.94585787692693,0.0501315954380248,0.112796089735556,73.2046622383757
9,5,21.5848018997625,38.9201349831271,0.0499937507811524,0.0874890638670166,39.3575803024622
9,1,32.0009992505621,48.8508618536098,0,0.0999250562078441,19.0482138396203
9,3,22.6516572858036,39.3245778611632,0,0.0500312695434647,37.9737335834897
9,4,18.0886945658963,35.8525921299188,0.149906308557152,0.0749531542785759,45.8338538413492
9,2,24.0905113139142,39.4549318664833,0.0625078134766846,0.150018752344043,36.2420302537817
9,6,18.0147518439805,32.2540317539692,0.0125015626953369,0.0750093761720215,49.6437054631829
9,7,20.9459459459459,38.4009009009009,0,0.0625625625625626,40.5905905905906
10,3,22.7323908419867,39.4219942449643,0.237707994495183,0.0750656824721631,37.5328412360816
10,5,18.6945104414155,39.4397899212205,0.350131299237214,0.0375140677754158,41.4780542703514
10,1,30.2465273432612,48.6171943436366,0,0.0375422350143912,21.0987360780878
10,4,17.3086543271636,30.7403701850925,0.0375187593796898,0.0625312656328164,51.8509254627314
10,2,22.1332999874953,38.4769288483181,0,0.0625234462923596,39.3272477178942
10,6,15.3298350824588,31.1219390304848,0,0.0249875062468766,53.5232383808096
10,7,18.4013009757318,35.5391543657743,0.0375281461095822,0.0500375281461096,45.9719789842382
11,3,23.0143839899937,40.1000625390869,0,0.0500312695434647,36.8355222013759
11,5,20.390536988359,38.4528726999624,0,0.0625860558267618,41.0940042558518
11,1,28.4802203304957,49.2363545317977,0.0625938908362544,0.125187781672509,22.0956434651978
11,4,19.2870544090056,34.7467166979362,0.0125078173858662,0.0500312695434647,45.9036898061288
11,2,23.4361343488575,41.2161318516669,0,0.0499438132101386,35.2977899862654
11,6,17.1753815361521,31.1608706529897,0.28771578684013,0.062546910182637,51.3134851138354
11,7,20.0350833228919,38.441298082947,0,0.0751785490540033,41.4484400451071
12,3,19.5747342088805,35.609756097561,0.42526579111945,0.0625390869293308,44.3277048155097
12,5,17.0348184200674,32.8965431174342,0.162236365905404,0.0998377636340946,49.8065643329589
12,1,30.9134074721979,46.295139322754,0,0.17493439960015,22.616518805448
12,4,15.3133992243213,29.3757037407732,0.112598523708245,0.0500437883147754,55.1482547228825
12,2,22.454079720105,36.0864675746595,0.224915656628764,0.0749718855429214,41.1595651630639
12,6,15.4240680510383,28.4338253690268,0,0.0750562922191644,56.0670502877158
12,7,15.925,29.95,0.4,0.1,53.625
13,3,22.1944201176029,38.1959214312523,0,0.0250218941573877,39.5846365569874
13,5,22.2486243121561,39.5447723861931,0,0.0375187593796898,38.1690845422711
13,1,30.6604953715286,49.2369276957718,0,0.137603202401801,19.9649737302977
13,4,17.7941728148056,33.0999124671752,0,0.0125046892584719,49.0934100287608
13,2,21.7783343769568,37.7207263619286,0.0125234815278647,0.0375704445835942,40.4508453350031
13,6,16.7000500751127,30.5708562844266,0.212819228843265,0.0500751126690035,52.4661992989484
13,7,19.9124452782989,38.0487804878049,0.0125078173858662,0.0500312695434647,41.9762351469669
14,3,22.3098098098098,39.8023023023023,0.025025025025025,0.0625625625625626,37.8003003003003
14,5,19.4218495807784,37.8300588161682,0.0125140783381304,0.0750844700287824,42.6604930546865
14,1,31.6972648932184,49.6565505182965,0,0.0499562882477832,18.5962283002373
14,4,20.0024987506247,34.6576711644178,0.0249875062468766,0.0624687656171914,45.2523738130935
14,2,22.1167062351618,40.5597900787205,0.0249906285143071,0.087467199800075,37.2110458578033
14,6,16.2564038485568,32.3503686117706,0,0.0374859427714607,51.3557415969012
14,7,18.8657986980471,35.4656985478217,0.0125187781672509,0.0375563345017526,45.6184276414622
15,3,23.694728953285,44.6040469647764,0,0.0374718960779415,31.6637521858606
15,5,22.6096737907762,41.0323709536308,0,0.0499937507811524,36.3079615048119
15,1,33.3333333333333,48.9931207004378,0,0.0625390869293308,17.6110068792996
15,2,25.0467989517035,44.8271558717085,0,0.0623986022713091,30.0636465743167
15,4,19.0780408367782,39.3836903419767,0,0.0125266190655142,41.5257422021796
15,6,18.4101987251594,34.1082364704412,0.0124984376952881,0.0249968753905762,47.4440694913136
15,7,19.7047416489428,39.6972350806956,0,0.0625547353934693,40.5354685349681
16,3,17.4743942043467,33.2625530851861,0,0.0499625281039221,49.2130901823632
16,5,18.5796449112278,31.3203300825206,0.0125031257814454,0.0375093773443361,50.0500125031258
16,1,28.3533533533534,47.7727727727728,0,0.0875875875875876,23.7862862862863
16,4,14.0765765765766,27.9154154154154,0,0.025025025025025,57.982982982983
16,2,17.9477565304337,34.3957005374328,0,0.0749906261717285,47.5815523059618
16,6,17.434869739479,29.5465931863727,0.0125250501002004,0.0876753507014028,52.9183366733467
16,7,19.5399424928116,32.9791223902988,0.0125015626953369,0.0375046880860107,47.4309288661083
17,3,22.557237582885,40.7481546353059,0,0.0375328412360816,36.657074940573
17,5,20.0475237618809,37.2311155577789,0,0.0625312656328164,42.6588294147074
17,1,31.4082574529126,49.3950355494574,0.0249469876512411,0.112261444430585,19.0594985655482
17,4,19.0488110137672,36.1201501877347,0,0.0250312891113892,44.8060075093867
17,2,22.5338007010516,42.3259889834752,0,0.0375563345017526,35.1026539809715
17,6,15.8880839370472,31.2140894329253,0,0.0499625281039221,52.8478641019236
17,7,18.9158738107161,36.0540811216825,0.0125187781672509,0.0625938908362544,44.9549323985979
18,3,22.1791828064476,37.3859802574035,0,0.0749718855429214,40.359865050606
18,5,17.872765904262,34.4206974128234,0,0.0499937507811524,47.6565429321335
18,1,28.3445861465366,50.7876969242311,0,0.100025006251563,20.7676919229807
18,4,15.0618209067066,31.7721993255901,0,0.0499562882477832,53.1160234794555
18,2,20.0250156347717,35.1969981238274,0.0125078173858662,0.0500312695434647,44.7154471544715
18,6,15.7014478282576,27.8582126809785,0,0.0374438342486271,56.4028956565152
18,7,17.6227971503562,32.9208848893888,0,0.0249968753905762,49.4313210848644
