moment,node,user,system,iowait,softirq,idle
1,1,0.149831439630416,0.0374578599076039,0.0249719066050693,0.0124859533025346,99.7752528405544
1,6,0.174868848363727,0.0374718960779415,0.024981264051961,0,99.7626779915064
1,3,0.124921923797626,0.0749531542785759,0.124921923797626,0,99.6752029981262
1,4,0.137396952285786,0.024981264051961,0,0,99.8376217836623
1,5,0.112401648557512,0.0374672161858374,0.0124890720619458,0,99.8376420631947
1,2,0.199900049975012,0.112443778110945,0.762118940529735,0,98.9255372313843
1,7,0.174890693316677,0.0624609618988132,0.0124921923797626,0,99.7501561524047
2,5,2.36309077269317,0.712678169542386,0.250062515628907,0,96.6741685421355
2,4,0.149981252343457,0.274965629296338,0.274965629296338,0.0124984376952881,99.2875890513686
2,1,0.2875,0.2625,0.55,0.0125,98.8875
2,6,0.112457828314382,0.124953142571536,0.437335999000375,0.0124953142571536,99.3127577158565
2,3,0.0749625187406297,0.0249875062468766,0.299850074962519,0,99.60019990005
2,2,0.124859533025346,0.0998876264202772,0.0124859533025346,0.0124859533025346,99.7502809339493
2,7,0.0999625140572285,0.087467199800075,0.512307884543296,0,99.3002624015994
3,5,12.8096072054041,0.875656742556918,0,0,86.314736052039
3,3,3.97848117102465,0.87576629550857,0.0125109470786939,0.0250218941573877,95.1082196922307
3,2,4.02751719824891,0.963101938711695,0,0.0250156347717323,94.9843652282677
3,1,4.18697662792151,0.937382827146607,0.0124984376952881,0.0124984376952881,94.8506436695413
3,4,4.16562421816362,0.763072304228171,0,0.0125093820365274,95.0587940955717
3,6,4.18331668331668,0.961538461538462,0.0124875124875125,0.0124875124875125,94.8301698301698
3,7,3.210493441599,1.11180512179888,0.0499687695190506,0.0124921923797626,95.6152404747033
4,5,9.33900851276915,0.738607911867802,0.0250375563345018,0.0125187781672509,89.8848272408613
4,2,7.30063646574317,0.536627979533258,0.0124797204542618,0,92.1502558342693
4,3,6.89008378141803,0.637739152182068,0.0125046892584719,0,92.4596723771414
4,4,7.12140175219024,0.613266583229036,0.0250312891113892,0,92.2403003754693
4,6,12.7252252252252,1.06356356356356,0.025025025025025,0.0375375375375375,86.1486486486486
4,1,6.9648002004259,0.601277715144682,0,0,92.4339220844294
4,7,9.53395139062892,0.952142320220496,0.0125281884239539,0,89.5013781007266
5,5,35.575711766188,3.53993449231544,0.0629881582262535,0.340136054421769,60.4812295288486
5,2,31.3389595666961,3.76621740773397,0.0125960448419196,0.289709031364152,64.5925179493639
5,3,26.6976277143216,3.30111710807079,0,0.326346177984185,69.6749089996234
5,4,26.0098150245376,2.9445073612684,0,0.289417390210142,70.7562602239839
5,6,31.1817154338817,4.53346728619867,0,0.539997488383775,63.7448197915359
5,1,25.6641604010025,2.89473684210526,0,0.162907268170426,71.2781954887218
5,7,25.808068153345,3.38261087446755,0,0.238035580055124,70.5712853921323
6,5,54.4589178356713,2.9809619238477,0,0.0751503006012024,42.4849699398798
6,3,36.3181590795398,2.36368184092046,0.0250125062531266,0.0375187593796898,61.255627813907
6,2,37.1603856266433,2.92976086139977,0.0125203455615375,0.0876424189307625,59.8096907474646
6,4,34.0803806185051,2.92976086139977,0,0.0626017278076875,62.9272567922875
6,1,31.8005747844558,2.82394102211671,0.0124953142571536,0.0374859427714607,65.3255029363988
6,6,41.2479639142965,4.00952261621351,0.0125297581756672,0.0751785490540033,54.6548051622604
6,7,25.7543508200826,0.513334168023037,0.0125203455615375,0,73.7197946663328
7,5,41.2435752789269,2.83314529271656,0.0125360411182149,0.0877522878275041,55.8229910994108
7,2,27.7617915676217,1.12598523708245,0.0125109470786939,0.112598523708245,70.9871137245089
7,3,25.9860209685472,2.80828756864703,0.0124812780828757,0.124812780828757,71.0683974038942
7,1,22.7443609022556,2.88220551378446,0.012531328320802,0.06265664160401,74.2982456140351
7,6,33.4169593577521,1.7059708981435,0.0125439036628199,0.175614651279478,64.6889111891621
7,4,26.3506753376688,2.85142571285643,0.0250125062531266,0.087543771885943,70.6853426713357
7,7,19.679919979995,1.8754688672168,0.0250062515628907,0.0250062515628907,78.3945986496624
8,5,33.3333333333333,2.628614344724,0.0125172111653524,0.150206533984228,63.8753285767931
8,2,22.6372524442216,1.4414640260717,0.0125344697919278,0.11281022812735,75.7959388317874
8,3,20.270101287983,1.07540327622859,0.0125046892584719,0.0625234462923596,78.5794673002376
8,6,29.3536692086511,2.07525940742593,0.0125015626953369,0.100012501562695,68.458557319665
8,1,18.360450563204,1.02628285356696,0.16270337922403,0.0750938673341677,80.3754693366708
8,4,21.9634360130228,1.00175306786877,0.150262960180316,0.100175306786877,76.7843726521412
8,7,12.8628628628629,0.638138138138138,0.0125125125125125,0,86.4864864864865
9,5,34.2345725372387,1.30178996119665,0.175240956314933,0.0876204781574665,64.2007760670922
9,2,22.7255662620448,1.50168940057565,0.0250281566762608,0.0875985483669128,75.6601176323364
9,3,17.9394091136705,0.988983475212819,0.0125187781672509,0.0375563345017526,81.0215322984477
9,6,33.9969947407964,1.69045830202855,0.262960180315552,0.0751314800901578,63.9744552967693
9,4,19.3087903831705,1.05184072126221,0.0125219133483596,0.0626095667417981,79.5642374154771
9,1,19.2635270541082,1.17735470941884,0.263026052104208,0.0375751503006012,79.2585170340681
9,7,13.0118973074515,0.876643706950532,0.0125234815278647,0.0250469630557295,86.0738885410144
10,5,31.7857589788512,1.12626705043174,0,0.0500563133525216,67.0379176573645
10,2,22.0680170042511,1.70042510627657,0.262565641410353,0.100025006251563,75.8689672418105
10,3,17.1214017521902,1.28911138923655,0.312891113892365,0.0625782227784731,81.2140175219024
10,4,18.944332998997,1.07823470411234,0.488966900702106,0.0752256770310933,79.4132397191575
10,6,28.6465506447978,2.05333667209215,0.0375610366846125,0.0626017278076875,69.1999499186177
10,1,19.4399299912489,1.22515314414302,0.0250031253906738,0.0500062507813477,79.2599074884361
10,7,15.8493870402802,2.36427320490368,0.212659494620966,0.0375281461095822,81.5361521140856
11,5,28.4180297165689,1.48582844300162,0.262205019353228,0.0499438132101386,69.7839930078661
11,2,22.2444639059177,1.25109470786939,0.0250218941573877,0.087576629550857,76.3918428625047
11,3,16.7541885471368,1.00025006251563,0.0250062515628907,0.0250062515628907,82.1955488872218
11,4,17.0234071848792,0.85117035924396,0.0125172111653524,0.0375516334960571,82.0753536112154
11,6,27.4455841881411,1.4135601701276,0.0250187640730548,0.0500375281461096,71.0657993495121
11,1,18.3375,0.85,0.1,0.0375,80.675
11,7,15.2173913043478,0.962018990504748,0.0124937531234383,0.0374812593703148,83.7706146926537
12,2,19.9398420854744,1.25328988595062,0.0877302920165434,0.062664494297531,78.6564732422609
12,5,26.7774584530801,1.19955016868674,0,0.0249906285143071,71.9980007497189
12,4,16.0551033187226,1.15216030056356,0.0250469630557295,0.0375704445835942,82.7301189730745
12,3,16.2936101037889,0.912842315868451,0.0375140677754158,0.0375140677754158,82.7185194447918
12,6,26.2217222847144,1.94975628046494,0.137482814648169,0.0874890638670166,71.6035495563055
12,1,17.5109443402126,1.06316447779862,0.0250156347717323,0.0500312695434647,81.3508442776735
12,7,12.9532383095774,0.825206301575394,0.0250062515628907,0.0125031257814454,86.1840460115029
13,2,19.5338929958652,1.35321388297206,0,0.0751785490540033,79.0377145721088
13,5,24.9374061091637,1.25187781672509,0.0125187781672509,0.0625938908362544,73.7356034051077
13,3,15.2315394242804,0.951188986232791,0,0.0125156445556946,83.8047559449312
13,6,24.6086412022542,1.56543519098309,0,0.100187852222918,73.7257357545398
13,4,15.6578289144572,1.27563781890945,0.0125062531265633,0.0750375187593797,82.9789894947474
13,1,16.193927277271,1.2370361114582,0.0124953142571536,0.0374859427714607,82.5190553542422
13,7,10.4098975256186,0.812296925768558,0.0124968757810547,0,88.7653086728318
14,2,24.6649129399975,1.46561443066516,0.0125266190655142,0.125266190655142,73.7316798196167
14,5,30.2276138069035,1.23811905952976,0.0125062531265633,0.0625312656328164,68.4592296148074
14,3,16.8480300187617,0.75046904315197,0.0125078173858662,0.0625390869293308,82.3264540337711
14,6,27.1237332666083,1.20105091955461,0,0.0625547353934693,71.6126610784436
14,4,17.8897362170271,0.825103137892237,0.0250031253906738,0.0250031253906738,81.2351543942993
14,1,18.1761320990743,0.875656742556918,0,0.0500375281461096,80.8981736302227
14,7,12.5187406296852,0.862068965517241,0.0249875062468766,0.0124937531234383,86.5817091454273
15,2,22.8228228228228,1.12612612612613,0.0125125125125125,0.1001001001001,75.9384384384384
15,5,28.9078156312625,1.05210420841683,0.0125250501002004,0.0876753507014028,69.939879759519
15,1,18.6066908908658,0.952261621350708,0.0125297581756672,0.0250595163513344,80.4034582132565
15,3,17.2732958098812,0.988117573483427,0.0250156347717323,0.0250156347717323,81.6885553470919
15,6,26.1070803102327,1.35101325994496,0.0125093820365274,0.0875656742556918,72.4418313735301
15,4,18.5569588595723,1.05039389771164,0.0125046892584719,0.0500187570338877,80.3301237964237
15,7,12.3032725455908,0.999250562078441,0.024981264051961,0.024981264051961,86.6475143642268
16,2,24.453380246293,2.32470469967328,0.0125659713495853,0.540336768032169,72.6690123146519
16,5,27.1403464725082,2.15917650012553,0.0125533517449159,0.514687421541552,70.1732362540798
16,1,20.2157010283421,1.52997241033358,0,0.17557060446451,78.0787559568598
16,4,18.5376289957211,1.76189277623962,0.0125849484017116,0.377548452051347,79.3103448275862
16,3,21.7734855136084,1.80609557255738,0,0.376269910949454,76.0441490028847
16,6,25.1880641925777,2.77081243731194,0.0125376128385155,0.514042126379137,71.5145436308927
16,7,18.6723553770862,2.71050319989961,0.0125486259254612,0.715271677751286,77.876772493412
