moment,node,user,system,iowait,softirq,idle
1,3,0.112443778110945,0.0249875062468766,0.0249875062468766,0.0124937531234383,99.8250874562719
1,4,0.149794033204344,0.037448508301086,0,0,99.8127574584946
1,5,0.212340744441669,0.0124906320259805,0.024981264051961,0,99.7501873594804
1,2,0.149831439630416,0.0249719066050693,0.0374578599076039,0,99.7877387938569
1,1,0.0374718960779415,0.0499625281039221,0.0499625281039221,0,99.8626030477142
1,7,0.062445360309729,0.0249781441238916,0.0374672161858374,0,99.8751092793805
1,6,0.187359480389708,0.0499625281039221,0.0499625281039221,0.0124906320259805,99.7002248313765
2,3,0.0874453466583385,0.0874453466583385,0,0,99.8251093066833
2,4,0.0749718855429214,0.0999625140572285,0.0249906285143071,0.0124953142571536,99.7875796576284
2,5,0.312382856428839,0.274896913657379,0,0.0249906285143071,99.3877296013995
2,2,0.0249843847595253,0.0249843847595253,0,0,99.9500312304809
2,1,4.12190856857357,0.886834873844617,0,0.0374718960779415,94.9537846615039
2,7,0.0499438132101386,0.0374578599076039,0,0,99.9125983268823
2,6,0.174847008867241,0.162357936805295,0.0124890720619458,0.0124890720619458,99.6378169102036
3,3,6.51522715926111,1.14827758362456,0.0249625561657514,0.0249625561657514,92.2865701447828
3,4,6.36488683256221,1.07540327622859,0.0250093785169439,0.0250093785169439,92.5096911341753
3,5,6.14825945404458,1.12697220135237,0.0250438266967193,0,92.6997245179063
3,2,6.59423004870738,1.07406019732734,0,0.0374672161858374,92.2942425377794
3,7,12.9395570016268,1.38906269553247,0,0.0500563133525216,85.6213239894882
3,1,12.1579407722104,0.849681369486443,0.0249906285143071,0.0249906285143071,86.9423966012745
3,6,6.47940074906367,1.16104868913858,0,0.0124843945068664,92.3470661672909
4,3,5.90806894828878,0.47464401698726,0,0,93.617287034724
4,5,4.87865899424568,0.325243932949712,0.125093820365274,0,94.6710032524393
4,4,5.09936257967754,0.32495938007749,0.0249968753905762,0.0124984376952881,94.5381827271591
4,2,5.31715250844489,0.400350306518203,0.0250218941573877,0,94.2574752908795
4,7,8.55929026615019,0.824690740972135,0.0124953142571536,0.0249906285143071,90.5785330501062
4,1,3.92598149537384,0.312578144536134,0.0125031257814454,0,95.7489372343086
4,6,5.31050855929027,0.374859427714607,0.0124953142571536,0,94.302136698738
5,3,36.7275456592444,2.30172629472104,0,0.275206404803603,60.6955216412309
5,4,33.2455480311011,2.15701028342112,0,0.263355906696765,64.334085778781
5,5,34.8627303497555,2.55735238811583,0.213112699009653,0.250720822364297,62.1160837407547
5,7,51.395173453997,4.05982905982906,0,0.703871292106586,43.8411261940674
5,1,34.2009304664906,2.8668427008676,0,0.251477429900666,62.6807494027411
5,2,33.3792757799774,2.35559453702544,0,0.325773712567347,63.9393559704298
5,6,33.7174348697395,2.54258517034068,0.0125250501002004,0.187875751503006,63.5395791583166
6,4,61.5692153923038,0.624687656171914,0.0249875062468766,0.0999500249875062,37.6811594202899
6,5,61.168084042021,0.925462731365683,0.0125062531265633,0.250125062531266,37.6438219109555
6,3,61.3931965982991,0.437718859429715,0.0250125062531266,0.0625312656328164,38.0815407703852
6,7,90.3003754693367,0.750938673341677,0,0.275344180225282,8.67334167709637
6,1,61.7002629272568,0.738700388130712,0.0125203455615375,0.2003255289846,37.3481908100664
6,2,60.05248031988,0.999625140572285,0.0124953142571536,0.424840684743221,38.5105585405473
6,6,61.3383364602877,0.637898686679174,0.0125078173858662,0.26266416510319,37.7485928705441
7,5,57.2182434979269,1.62080663399925,0,0.502575700464883,40.658374167609
7,4,57.5457508147405,1.91777387816495,0,0.752068187515668,39.7718726497869
7,7,87.307740402651,2.01325497061398,0,0.700262598474428,9.9787420282606
7,2,56.1959654178674,2.2177671970931,0,0.639017666959028,40.9472497180804
7,3,59.0835107048955,1.4022787028922,0,0.463252785776887,39.0509578064355
7,1,57.7566824881339,1.8611041718711,0,0.612040969273045,39.757681738696
7,6,55.7348342714196,2.21388367729831,0,0.712945590994371,41.3258286429018
8,4,61.2786187914425,1.08845239584637,0.0125109470786939,0.250218941573877,37.3701989240585
8,5,61.8970257435641,1.11222194451387,0,0.0874781304673832,36.9032741814546
8,7,87.3779113448535,2.20385674931129,0,0.626095667417982,9.79213623841723
8,2,60.8451056382048,0.975121890236279,0.0125015626953369,0.212526565820728,37.9547443430429
8,3,61.2923384576928,1.16235470566179,0,0.174978127734033,37.3703287089114
8,1,61.3460095071303,0.825619214410808,0,0.212659494620966,37.6157117838379
8,6,61.6547931508561,1.09986251718535,0.149981252343457,0.0999875015623047,36.9953755780527
9,4,60.3608118266099,0.876973189676773,0.338261087446755,0.438486594838386,37.9854673014282
9,5,58.2289579158317,0.889278557114228,0.0125250501002004,0.61372745490982,40.2555110220441
9,7,93.1133608298963,0.437445319335083,0,0.199975003124609,6.24921884764404
9,2,61.3931965982991,0.72536268134067,0,0.250125062531266,37.6313156578289
9,3,61.6481180442666,0.637739152182068,0,0.212579717394023,37.5015630861573
9,1,62.4187906046976,0.87456271864068,0.299850074962519,0.174912543728136,36.231884057971
9,6,61.2252568278627,0.902029566524681,0.200451014783262,0.325732899022801,37.3465296918066
10,5,59.592041046177,0.763358778625954,0,0.30033788011513,39.344262295082
10,4,58.1997996995493,1.50225338007011,0.0375563345017526,0.663495242864296,39.5968953430145
10,7,85.8539030196717,1.29056509209372,0.238065405337677,0.7643152487157,11.8531512341812
10,3,58.1337012416907,1.22914837576822,0.2759312680296,0.426439232409382,39.9347798821021
10,2,54.8881628549887,1.54561447599899,0.251319426991706,0.904749937170143,42.4101533048505
10,1,56.8190356919224,1.92861615529117,0.0250469630557295,0.751408891671885,40.4758922980589
10,6,58.9766045289628,0.988364819216815,0.0250218941573877,0.32528462404604,39.6847241336169
11,5,56.579441592588,1.2019531739076,0.0125203455615375,0.575935895830725,41.6301489921122
11,4,57.7134986225895,1.65289256198347,0,0.413223140495868,40.2203856749311
11,7,89.4130897259417,0.775872856964085,0.0750844700287824,0.425478663496433,9.31047428356901
11,1,57.1876567987958,0.878073256397391,0.175614651279478,0.815353738083291,40.9433015554441
11,3,57.0749405730014,0.725634930564244,0.200175153259102,0.562992618541224,41.4237457775554
11,2,55.9099437148218,2.32645403377111,0.0125078173858662,0.537836147592245,41.213258286429
11,6,58.2687015261446,1.13835376532399,0.175131348511384,0.300225168876658,40.1175881911434
12,5,58.4898572501878,2.25394440270473,0.0125219133483596,0.538442273979464,38.7052341597796
12,4,55.3826850690088,1.56838143036386,0.0125470514429109,0.790464240903388,42.2459222082811
12,7,86.1424630047655,2.14446952595937,0,0.702282417858039,11.0107850514171
12,1,60.2001250781739,0.437773608505316,0.0125078173858662,0.225140712945591,39.1244527829894
12,2,61.1417125688533,1.28943415122684,0,0.413119679519279,37.1557336004006
12,3,56.4956195244055,2.40300375469337,0,0.563204005006258,40.5381727158949
12,6,61.1152788197049,0.937734433608402,0,0.100025006251563,37.8469617404351
13,5,55.3950508730059,1.59527697525436,0,0.879286521793745,42.130385629946
13,4,62.3125,0.2375,0,0.075,37.375
13,7,84.1379310344828,2.65830721003135,0,0.815047021943574,12.3887147335423
13,2,59.7698273705279,0.312734550913185,0.0125093820365274,0.412809607205404,39.492119089317
13,3,61.1555777888944,0.650325162581291,0,0.262631315657829,37.9314657328664
13,1,60.2825353169146,0.8126015751969,0,0.125015626953369,38.7798474809351
13,6,56.4314314314314,1.06356356356356,0.0125125125125125,0.550550550550551,41.9419419419419
14,5,59.9800024996875,1.37482814648169,0,0.399950006249219,38.2452193475816
14,4,60.1201652271874,0.951308048566779,0,0.550757291275504,38.3777694329703
14,7,85.7554497619644,1.34051616136307,0,0.67652217489351,12.227511901779
14,2,60.9722569357661,0.662334416395901,0,0.274931267183204,38.0904773806548
14,3,62.0125,0.1625,0,0.15,37.675
14,1,59.4172086043022,1.11305652826413,0,0.537768884442221,38.9319659829915
14,6,59.0510766149224,1.51477215823736,0,0.325488232348523,39.1086629944917
15,5,61.15,0.8625,0.0375,0.45,37.5
15,7,91.2412412412412,0.675675675675676,0,0.362862862862863,7.72022022022022
15,4,62.143928035982,0.499750124937531,0.0124937531234383,0.28735632183908,37.0564717641179
15,3,59.3875,1.025,0.05,0.425,39.1125
15,2,58.3458458458458,1.07607607607608,0,0.738238238238238,39.8398398398398
15,1,56.5097646469705,2.01552328492739,0.0125187781672509,0.738607911867802,40.7235853780671
15,6,58.6603349162709,0.499875031242189,0,0.424893776555861,40.414896275931
16,5,60.4377736085053,0.925578486554096,0.0125078173858662,0.58786741713571,38.036272670419
16,7,89.5204707649931,0.7011393514461,0,0.575935895830725,9.20245398773006
16,4,55.025,0.9,0.0125,0.8875,43.175
16,3,59.58218663998,0.487865899424568,0,0.387790843132349,39.5421566174631
16,2,56.3149330329203,0.776067092251846,0,0.600826135936913,42.308173738891
16,1,57.0856785490932,0.58786741713571,0,0.737961225766104,41.588492808005
16,6,61.011011011011,0.462962962962963,0,0.212712712712713,38.3133133133133
17,5,60.1250781738587,0.375234521575985,0,0.337711069418386,39.161976235147
17,7,90.3024243939015,1.27468132966758,0,0.374906273431642,8.04798800299925
17,4,59.4367959949937,1.27659574468085,0,0.550688360450563,38.7359198998748
17,3,55.7771923221679,1.38000250909547,0,0.690001254547736,42.1528039141889
17,2,59.5648912228057,1.32533133283321,0,0.300075018754689,38.8097024256064
17,1,58.1727158948686,1.30162703379224,0,0.65081351689612,39.8748435544431
17,6,61.171610965077,0.550757291275504,0,0.550757291275504,37.726874452372
18,5,59.4841617628647,0.638537623638412,0,0.375610366846125,39.5016902466508
18,7,91.8178406105342,0.38783935943951,0,0.500437883147754,7.29388214687852
18,4,61.7260787992495,0.900562851782364,0.0125078173858662,0.300187617260788,37.0606629143214
18,3,56.380976283097,1.48073785920442,0,0.527042288869369,41.6112435688292
18,1,59.0829366073666,1.05236782761213,0,0.551240290653971,39.3134552743673
18,2,59.9549774887444,0.687843921960981,0,0.450225112556278,38.9069534767384
18,6,56.5657828914457,0.637818909454727,0,0.487743871935968,42.3086543271636
19,5,59.2194145609207,1.33850387790843,0.0125093820365274,0.500375281461096,38.9291968976733
19,7,88.7203910264444,0.852237122446422,0.0125328988595062,0.589046246396792,9.82579270585286
19,4,61.0033779557112,0.600525459777305,0.0125109470786939,0.275240835731265,38.1083448017015
19,3,62.8,0.7,0,0.15,36.35
19,1,57.4090283856446,0.762786044766788,0,0.662748530699012,41.1654370388896
19,2,59.6370463078849,0.438047559449312,0,0.438047559449312,39.4868585732165
19,6,60.280140070035,1.07553776888444,0,0.412706353176588,38.2316158079039
20,5,57.78668002003,0.788683024536805,0,0.588382573860791,40.8362543815724
20,7,86.5057528764382,1.10055027513757,0,0.600300150075038,11.7808904452226
20,4,58.8220582718519,0.462673502563461,0,0.375140677754158,40.3401275478304
20,3,62.0685342671336,0.200100050025012,0,0.125062531265633,37.6063031515758
20,1,55.8366733466934,1.37775551102204,0,0.864228456913828,41.9213426853707
20,2,59.1971989496061,0.912842315868451,0.0250093785169439,0.450168813304989,39.4147805427035
20,6,58.2145536384096,1.01275318829707,0,0.375093773443361,40.39759939985
21,5,58.4011009633429,0.888277242587264,0.0125109470786939,0.638058301013387,40.0600525459777
21,7,89.2240300375469,0.625782227784731,0,0.538172715894869,9.61201501877347
21,4,62.6218445388653,0.162459385153712,0.0124968757810547,0.149962509372657,37.0532366908273
21,3,59.9875078076202,0.474703310430981,0,0.374765771392879,39.1630231105559
21,1,58.1081081081081,0.900900900900901,0,0.638138138138138,40.3528528528529
21,2,60.967983991996,0.637818909454727,0,0.262631315657829,38.1315657828914
21,6,58.8994735522687,0.426171972925545,0.0376034093757834,0.325896214590123,40.3108548508398
22,5,55.4164057608015,0.450845335003131,0,0.375704445835942,43.7570444583594
22,7,82.3639774859287,0.675422138836773,0,0.362726704190119,16.5978736710444
22,4,44.0726817042607,0.701754385964912,0,0.764411027568922,54.4611528822055
22,3,57.0875,0.7375,0,0.325,41.85
22,2,58.3770942735684,0.687671917979495,0,0.237559389847462,40.6976744186046
22,1,56.7695961995249,0.462557819727466,0,0.287535941992749,42.4803100387548
22,6,52.1641230923192,0.425318989241931,0,0.33775331498624,47.0728046034526
23,5,27.8473091364205,0.738423028785982,0.0125156445556946,0.563204005006258,70.8385481852315
23,7,57.171464330413,0.500625782227785,0,0.48811013767209,41.8397997496871
23,4,24.5813546613347,0.162459385153712,0.0124968757810547,0.137465633591602,75.106223444139
23,3,37.6329288127111,0.150131364944326,0,0.150131364944326,62.0542975103215
23,2,47.6172607879925,0.125078173858662,0,0.075046904315197,52.1826141338336
23,1,45.1507946439745,0.63821799524465,0.0125140783381304,0.262795645100738,53.935677637342
23,6,38.2864290181363,0.237648530331457,0.0125078173858662,0.175109443402126,61.2883051907442
24,5,12.8641080135017,0.0875109388673584,0,0.0250031253906738,87.0233779222403
24,7,41.3810357768326,0.775581686264698,0,0.325243932949712,57.518138603953
24,4,9.61490372593148,0.150037509377344,0.0250062515628907,0.100025006251563,90.1100275068767
24,2,39.4588500563698,0.375798571965427,0.0125266190655142,0.338218714768884,59.8020794187649
24,3,22.4946828474916,0.16264231202302,0,0.100087576629551,77.2425872638559
24,1,30.1037629703713,0.200025003125391,0.0375046880860107,0.100012501562695,69.5586948368546
24,6,30.6731609841389,0.0999125764955664,0,0.0499562882477832,69.1769701511178
25,5,5.09131848886665,0.100075056292219,0.0125093820365274,0.0875656742556918,94.7085313985489
25,7,7.69807548112972,0.162459385153712,0,0.199950012496876,91.9395151212197
25,4,0.0624531601299026,0.0124906320259805,0,0,99.9250562078441
25,1,11.3155588934785,0.175240956314933,0,0.125172111653524,88.384028038553
25,2,13.7125,0.15,0,0.0625,86.075
25,3,3.2520325203252,0.175109443402126,0,0.0625390869293308,96.5103189493433
25,6,13.4192096048024,0.537768884442221,0.0125062531265633,0.175087543771886,85.8554277138569
26,5,44.3304130162703,3.66708385481852,0,0.0750938673341677,51.927409261577
26,7,61.025641025641,5.22826766729206,0,0.0250156347717323,33.7210756722952
26,4,35.8688852746153,3.99099211810334,0,0.0500437883147754,60.0900788189666
26,1,45.6731371321227,4.03256105197245,0,0.0751408891671885,50.2191609267376
26,2,40.9682261696272,3.5151363522642,0.0375281461095822,0.0875656742556918,55.3915436577433
26,3,34.4430538172716,3.0162703379224,0.0125156445556946,0.0250312891113892,62.5031289111389
26,6,40.5597900787205,4.3858553042609,0.0749718855429214,0.124953142571536,54.8544295889042
27,5,12.2943614215748,1.33115659927163,0.150696973502449,0.188371216878061,86.0354137887731
27,7,24.1409691629956,2.61799874134676,0,0.402769037130271,72.8382630585274
27,4,10.3409375783404,1.29105038856856,0.0250689395838556,0.213085986462773,88.1298571070444
27,1,22.3538306451613,2.21774193548387,0.0378024193548387,0.352822580645161,75.0378024193548
27,2,20.534705660851,2.62332119994979,0.0125517760763148,0.414208610518388,76.4152127526045
27,3,20.0552902739382,2.67655189746167,0.326715255089218,0.251319426991706,76.6901231465192
27,6,5.90229812884591,0.966972246640713,1.5572020595253,0.100464649001633,91.4730629159864
28,5,45.8860363180964,1.13963681903569,1.44020037570445,0.050093926111459,51.484032561052
28,7,73.4283214598175,3.91201099862517,0,0.0374953130858643,22.6221722284714
28,4,45.0100050025013,2.8264132066033,0,0.0500250125062531,52.1135567783892
28,1,54.6578421578422,2.8971028971029,0.0124875124875125,0.024975024975025,42.4075924075924
28,2,41.7187109667749,1.74868848363727,0.0124906320259805,0.024981264051961,56.4951286535099
28,3,39.0836254381572,0.913870806209314,4.55683525287932,0.125187781672509,55.3204807210816
28,6,50.475356517388,3.91543657743307,0.0125093820365274,0.0125093820365274,45.5841881411058
29,5,65.6042994625672,5.42432195975503,3.34958130233721,0.137482814648169,25.4843144606924
29,4,61.964798402197,1.52290600424416,0.024965672200724,0.049931344401448,36.4373985769567
29,7,92.7545284197377,2.38600874453467,0,0.0124921923797626,4.84697064334791
29,1,61.4673165854268,1.6747906511686,0.0249968753905762,0,36.832895888014
29,2,62.826114093122,3.49519410810136,0.024965672200724,0.012482836100362,33.6412432904756
29,3,64.7397397397397,2.43993993993994,0.0500500500500501,0.0125125125125125,32.7577577577578
29,6,62.7389728851681,1.76183931025865,0.0249906285143071,0.0249906285143071,35.4492065475447
30,5,60.8016983016983,1.44855144855145,0,0.0124875124875125,37.7372627372627
30,4,15.6652092442224,0.84946908182386,0,0.0124921923797626,83.472829481574
30,7,70.6381915823654,2.58523791682278,0.0124890720619458,0,26.7640814287498
30,1,37.6326632538394,1.02384817080784,0.0249719066050693,0.0124859533025346,61.3060307154451
30,2,40.54189037333,1.41091272318642,0.0124859533025346,0,58.034710950181
30,3,22.6789953767337,1.0496063976009,0.0124953142571536,0,76.2589029114082
30,6,29.8887917031113,0.862176683743596,0.0124953142571536,0,69.2365362988879
31,5,15.4910096818811,3.83503080598516,0.0125738714950333,0.251477429900666,80.4099082107381
31,4,8.62893081761006,4.18867924528302,0.0125786163522013,0.251572327044025,86.9182389937107
31,7,17.9119496855346,5.73584905660377,0.0125786163522013,0.314465408805031,76.0251572327044
31,1,24.3355586345887,5.81937271696687,0,0.554225973044464,69.2908426753999
31,2,19.6935443355941,6.41798543079628,0.0376789751318764,0.35167043456418,73.4991208239136
31,3,8.25803212851406,2.97439759036145,0.0125502008032129,0.112951807228916,88.6420682730924
31,6,9.80810234541578,4.20168067226891,0,0.175592625109745,85.8146243572056
32,5,24.8125937031484,0.574712643678161,0.0124937531234383,0,74.60019990005
32,7,41.0086347140533,1.10123889375547,0,0.062570391690652,57.8275560005006
32,4,25.0093691442848,0.836976889444097,0.18738288569644,0.0499687695190506,73.9163023110556
32,1,26.433041301627,1.4017521902378,3.65456821026283,0.137672090112641,68.3729662077597
32,2,26.579902390189,0.800901013640345,0.0125140783381304,0.0500563133525216,72.55662620448
32,3,25.3406675834479,0.700087510938867,0.0125015626953369,0.0125015626953369,73.9342417802225
32,6,25.2033537729946,0.663246151920911,1.13878112876987,0.0125140783381304,72.9821048679765
33,5,60.5927963981991,3.30165082541271,0.0125062531265633,0.0250125062531266,36.0680340170085
33,7,90.0174912543728,3.82308845577211,2.7736131934033,0.187406296851574,3.1984007996002
33,4,56.3813813813814,2.86536536536537,4.95495495495495,0.2002002002002,35.5980980980981
33,1,61.11458985598,2.75516593613024,1.77833437695679,0.0375704445835942,34.3143393863494
33,2,59.9699774831123,3.13985489116838,5.60420315236427,0.175131348511384,31.1108331248436
33,3,48.0129967508123,2.46188452886778,0.0249937515621095,0.0124968757810547,49.4876280929768
33,6,59.3139709564347,3.04206309464196,1.90285428142213,0.0375563345017526,35.7035553329995
34,5,10.598847406665,1.39062891505888,0.100225507391631,0.0876973189676773,87.8226008519168
34,7,59.1068740592072,3.93878575012544,5.00501756146513,0.313597591570497,31.6357250376317
34,4,2.26391494684178,0.562851782363977,0.075046904315197,0.075046904315197,97.0231394621639
34,1,10.8970349055424,1.70148880270236,0.0250218941573877,0.150131364944326,87.2263230326536
34,3,6.1623246492986,2.70541082164329,0,0.137775551102204,90.9944889779559
34,2,12.2760866842039,1.60340724038582,0.0501064762620569,0.100212952524114,85.9701866466241
34,6,3.7856071964018,0.762118940529735,0.0124937531234383,0.0624687656171914,95.3773113443278
35,5,4.9718221665623,1.37758296806512,1.64057608015028,0.225422667501565,91.7845961177207
35,7,9.03826787512588,1.47280966767372,5.55135951661631,0.264350453172205,83.6732124874119
35,2,12.8877679697352,2.34552332912989,1.57629255989912,0.327868852459016,82.8625472887768
35,4,4.85534591194969,1.50943396226415,0.993710691823899,0.10062893081761,92.5408805031446
35,1,7.40647436704875,1.65008187429147,3.70323718352437,0.226728807154553,87.0134777679809
35,3,10.3044791142426,1.86210367388022,1.71112229491696,0.226472068444892,85.8958228485154
35,6,5.16396532227667,1.1936172886041,3.83213971604473,0.188465887674331,89.6218117854002
36,5,58.8220582718519,3.98899587345254,5.80217581593097,0.32512192072027,31.0616481180443
36,7,87.2125,5.15,2.0875,0.375,5.175
36,2,59.5893840761142,3.74311467200801,3.20480721081622,0.13770655983976,33.3249874812218
36,1,59.0709903593339,3.43057468386127,3.55577813947665,0.2003255289846,33.7423312883436
36,4,53.5620383122574,4.15675472643045,6.03480656066107,0.325528984599975,35.9208714160511
36,3,54.4373513581174,3.75516334960571,3.9929903617474,0.112654900488171,37.7018400300413
36,6,59.6368190356919,3.45648090169067,3.44395742016281,0.26299311208516,33.1997495303694
37,5,23.7341374544541,2.55057167985928,0.213594672697575,0.238723457720819,73.2629727352682
37,7,43.3044134288948,4.2625424368163,0,0.201181943920533,52.2318621903684
37,4,4.65698547821733,1.4271407110666,0.262894341512268,0.225338007010516,93.4276414621933
37,2,16.0030146966462,2.56249214922748,2.32382866474061,0.188418540384374,78.9222459490014
37,1,20.479959793944,2.87724588516145,1.43234074632492,0.226159065209197,74.9842945093605
37,3,8.40769134095765,1.54580872188011,1.16878220434837,0.175945708181475,88.7017720246324
37,6,20.160481444333,2.28184553660983,0.0125376128385155,0.162988966900702,77.3821464393179
38,5,10.6225729675561,0.576224477013654,0.626330953275711,0.0626330953275711,88.112238506827
38,7,21.0282131661442,1.41692789968652,0.137931034482759,0.137931034482759,77.2789968652038
38,1,16.0712047135515,1.84279804437759,1.05302745393005,0.238184781246082,80.7947850068948
38,3,13.022789882294,1.00175306786877,0.0125219133483596,0.0751314800901578,85.8878036563987
38,4,11.1861861861862,0.675675675675676,0.0375375375375375,0.0625625625625626,88.038038038038
38,2,13.7171464330413,1.08886107634543,0.0250312891113892,0.0625782227784731,85.1063829787234
38,6,13.9444722361181,0.737868934467234,0.087543771885943,0.0500250125062531,85.1800900450225
39,5,57.4081043783716,6.95019445489901,4.36582611968385,0.125454773554134,31.1504202734914
39,7,88.0199875078076,5.63397876327295,2.39850093691443,0.512179887570269,3.43535290443473
39,1,58.6591478696742,3.52130325814536,5.51378446115288,0.275689223057644,32.0300751879699
39,3,44.1426783479349,3.51689612015019,4.180225281602,0.212765957446809,47.9474342928661
39,4,47.915362464004,3.93138850632277,6.49805934643796,0.162764492299987,41.4924251909353
39,6,59.59760059985,3.88652836790802,1.34966258435391,0.0624843789052737,35.1037240689828
39,2,57.4965612104539,4.50168813304989,3.338752032012,0.175065649618607,34.4879329748656
40,5,16.6582977655034,4.29324629676124,4.66984684910871,0.288727090133066,74.0898819984936
40,7,35.9682299546142,4.48814926878467,4.92939989914271,0.37821482602118,54.2360060514372
40,1,19.4965387035872,3.44870988042794,2.31592196349906,0.402769037130271,74.3360604153556
40,3,8.39195979899498,1.90954773869347,2.61306532663317,0.238693467336683,86.8467336683417
40,4,6.19113399472561,1.33115659927163,1.94650257440663,0.113022730126837,90.4181841014693
40,6,8.12374245472837,2.07494969818913,6.42605633802817,0.11317907444668,83.2620724346076
40,2,8.585795097423,2.57699560025141,5.16656191074796,0.201131363922062,83.4695160276556
41,5,16.8146018252282,1.82522815351919,0.0125015626953369,0.0625078134766846,81.2851606450806
41,7,31.9343522926585,1.61613630669005,0.313204710598847,0.250563768479078,65.8857429215735
41,3,19.3415122684026,0.876314471707561,0.0125187781672509,0.0125187781672509,79.7571357035553
41,1,21.6388923693773,2.38065405337677,0.0250595163513344,0.100238065405338,75.8551559954893
41,4,18.2772846605826,1.13764220527566,0.0125015626953369,0.0250031253906738,80.5475684460558
41,6,19.2582383160005,0.952261621350708,0.814434281418369,0.0375892745270016,78.9374765067034
41,2,20.3861584754263,2.54513540621866,0.0125376128385155,0.0752256770310933,76.9809428284855
42,5,52.3535302954432,10.0525788683025,4.2814221331998,0.237856785177767,33.0746119178768
42,7,85.9675405742822,6.90387016229713,3.29588014981273,0.449438202247191,3.3832709113608
42,1,51.5337423312883,8.1131839238763,3.58081883059972,0.1001627644923,36.6720921497433
42,3,41.9702090374265,3.49230191513331,3.02916510201527,0.0625860558267618,51.4457378895982
42,4,38.422041327489,3.04320601127113,3.6944270507201,0.0125234815278647,54.8278021289919
42,6,50.7567229518449,3.51469668542839,1.588492808005,0.100062539086929,44.0400250156348
42,2,48.2236677508131,6.5298974230673,2.33925444083062,0.0750562922191644,42.8321240930698
43,5,7.72618598213162,2.98225745564364,1.59808732855165,0.18875047187618,87.5047187617969
43,7,28.2852463147285,3.85536096762001,3.99395237495275,0.491369535088824,63.3740708076099
43,1,13.9728096676737,3.92749244712991,5.66465256797583,0.327291037260826,76.1077542799597
43,3,12.38023197176,2.67271810388301,3.80736258194655,0.315179021684317,80.8245083207262
43,4,5.47100993585712,1.58470632624827,3.57187775122626,0.138347377688341,89.23405860898
43,6,6.4925279417305,1.39394700489765,0.163255054627653,0.125580811252041,91.8246891874922
43,2,11.1125078566939,1.99874292897549,1.25707102451288,0.238843494657448,85.3928346951603
44,5,29.3690535803706,5.7586379569354,4.60691036554832,0.125187781672509,60.1402103154732
44,7,48.3673214062305,2.83998498686351,1.4262479669711,0.237707994495183,47.1287376454398
44,1,30.3488808303114,4.5892209578592,0.0875328248093035,0.0375140677754158,64.9368513192447
44,3,34.4737170682982,1.63565988263204,0.0249719066050693,0.0499438132101386,63.8157073292546
44,4,31.8875,3.4875,0.025,0.025,64.575
44,2,34.3710770775797,4.18026613105699,4.73261360783329,0.21340697966357,56.5026362038664
44,6,32.874655991994,2.16412309231924,5.67925944458344,0.250187640730548,59.0317738303728
45,5,39.2,8.4875,6.5875,0.3,45.425
45,7,76.7535070140281,8.51703406813627,3.45691382765531,0.32565130260521,10.9468937875752
45,1,36.846057571965,6.7334167709637,4.34292866082603,0.175219023779725,51.9023779724656
45,3,29.1270635317659,4.92746373186593,1.71335667833917,0,64.232116058029
45,4,23.1432858214554,5.57639409852463,0.18754688672168,0.0125031257814454,71.0802700675169
45,2,37.9711959924859,6.13650594865373,6.41202254226675,0.137758296806512,49.3425172197871
45,6,37.9465964648364,7.40880030086499,5.5660022564874,0.200576657891438,48.8780243199198
46,5,5.86975689633455,1.62488978460763,6.31061846580174,0.163748582944955,86.0309862703111
46,3,9.3111279333838,2.19530658591976,5.57658339641686,0.328034317436286,82.5889477668433
46,7,9.86875315497224,2.12014134275618,5.74204946996466,0.302877334679455,81.9661786976275
46,1,13.5755740600555,2.97754226596013,0.252334090335604,0.340651021953066,82.8412818571789
46,4,5.08431915429147,2.27787566070979,2.69317895796627,0.201359174427385,89.7432670526051
46,2,13.0182002022245,2.84378159757331,6.1046511627907,0.303336703741153,77.7300303336704
46,6,7.13566574377045,1.73672287943619,5.51220739994966,0.16360432922225,85.4517996476214
47,5,37.5640224859463,6.33354153653966,0.562148657089319,0.0124921923797626,55.527795128045
47,3,39.6998123827392,5.0281425891182,0.275171982489056,0.0250156347717323,54.9718574108818
47,7,54.7922922922923,9.82232232232232,4.26676676676677,0.337837837837838,30.7807807807808
47,1,38.3892785571142,6.04959919839679,5.82414829659319,0.200400801603206,49.5365731462926
47,4,36.4525840441545,8.45459106874059,5.53186151530356,0.0752634219769192,49.4856999498244
47,2,39.3518518518519,4.61711711711712,2.59009009009009,0.0625625625625626,53.3783783783784
47,6,37.8161783120461,6.39869772101177,3.04282494365139,0.0375657400450789,52.7047332832457
48,5,33.8128596447335,6.50487865899425,1.71378533900425,0.125093820365274,57.8433825369027
48,3,18.8823455707305,4.84901641398321,6.10199223154993,0.100238065405338,70.066407718331
48,1,31.474752537276,6.39017666959028,6.42776594411728,0.150357098108007,55.5569477509084
48,7,58.9810990111403,14.494930529478,1.70234071848792,0.187758167480285,24.6338715734134
48,4,19.1580002505952,6.60318255857662,6.74100989850896,0.137827339932339,67.3599799523869
48,2,27.0442610652663,3.20080020005001,0.0250062515628907,0.0375093773443361,69.6924231057764
48,6,26.3315828957239,5.00125031257814,0.0125031257814454,0.0125031257814454,68.642160540135
49,5,5.42274786109713,1.04428787116256,1.44690488173125,0.21389028686462,91.8721690991444
49,3,11.0468769636798,2.17418625109966,0.980268945582506,0.238783461103431,85.5598843785346
49,7,11.3478754255453,2.00479132517967,0.226957508510907,0.365653763712016,86.0547219770521
49,1,8.21055282709986,2.01485958947236,6.01939302354867,0.365193300591865,83.3900012592872
49,4,1.9482151835093,0.854700854700855,6.49824032176973,0.0879839115133233,90.6108597285068
49,2,11.7269984917044,2.58924082453494,2.76520864756159,0.26395173453997,82.6546003016591
49,6,8.16813048933501,1.09159347553325,1.29234629861982,0.175658720200753,89.2722710163112
50,5,45.7364341085271,10.752688172043,2.38809702425606,0.0500125031257814,41.072768192048
50,3,45.8729364682341,8.3791895947974,0.80040020010005,0.0125062531265633,44.9349674837419
50,1,46.4924346629986,10.1037889208453,0.225084406652495,0.0375140677754158,43.1411779417281
50,4,46.1134059331581,10.2641131555889,2.37827012141695,0.0625860558267618,41.1816247340093
50,7,68.4730913642053,15.4568210262829,1.67709637046308,0.262828535669587,14.1301627033792
50,2,46.0904321758681,10.0674494129403,0.0124906320259805,0.0374718960779415,43.7921558830877
50,6,46.5165728580363,9.34333958724203,0.0500312695434647,0.0375234521575985,44.0525328330206
51,5,29.5244055068836,2.27784730913642,0.0125156445556946,0.0500625782227785,68.1351689612015
51,3,11.2557906598222,1.56504319519219,0,0.0626017278076875,87.1165644171779
51,1,26.4009025949605,2.60749655258869,0.764698508211107,0.150432493418578,70.0764698508211
51,7,62.0270608869957,4.73565522425457,0.0125281884239539,0.162866449511401,33.0618892508143
51,4,12.8680616464102,1.34068412479639,0.739255732364365,0.0877083072296705,84.9642901891993
51,2,24.1107214428858,2.31713426853707,0.713927855711423,0.112725450901804,72.7454909819639
51,6,24.2401500938086,2.4390243902439,0.787992495309568,0.100062539086929,72.432770481551
52,5,4.8216976393772,0.979407332998493,0.0125565042692115,0.100452034153692,94.0858864892014
52,3,4.6908315565032,0.702370500438982,0,0.0627116518249091,94.5440862912329
52,4,5.57783905740787,0.91501629481073,0.0125344697919278,0.150413637503134,93.3441965404863
52,1,10.2602791399472,2.01181943920533,0,0.1886080724255,87.539293348422
52,7,10.0213755815416,1.64717716584937,0.0125738714950333,0.163460329435433,88.1554130516786
52,2,11.3350125944584,1.78841309823678,0,0.163727959697733,86.7128463476071
52,6,5.51732766170399,0.750656824721631,0.0250218941573877,0.0750656824721631,93.6319279369448
53,5,60.1924759405074,3.37457817772778,0.0124984376952881,0.0124984376952881,36.4079490063742
53,3,51.8990504747626,3.41079460269865,0,0.0249875062468766,44.6651674162919
53,4,53.7432820897388,3.56205474315711,0,0.0249968753905762,42.6696662917135
53,7,88.1330498937101,4.6767537826685,0,0.0125046892584719,7.17769163436289
53,1,55.6444555569446,3.47543442930366,0.0125015626953369,0,40.8676084510564
53,2,59.039759939985,3.81345336334084,0.0250062515628907,0.0125031257814454,37.1092773193298
53,6,58.7212212212212,3.4034034034034,0,0.025025025025025,37.8503503503504
54,5,19.8116760828625,2.10922787193974,0.0627746390458255,0.0753295668549906,77.9409918392969
54,3,7.3660434182457,1.5183837369808,0.0125486259254612,0.188229388881917,90.9147948299661
54,4,4.550582925912,1.70490159207722,0.0250720822364297,0.0877522878275041,93.6316911119469
54,7,41.5669479783348,4.55976823277491,1.51152538103036,0.390477390099509,51.9712810177604
54,1,15.623428858723,2.89089994972348,0.012569130216189,0.26395173453997,81.2091503267974
54,2,15.2067362071132,2.43810481337187,0,0.188513258765867,82.166645720749
54,6,9.44082246740221,1.56720160481444,0.0250752256770311,0.0752256770310933,88.8916750250752
55,5,20.8484545113252,1.28895006882743,0.0125140783381304,0.062570391690652,77.7875109498185
55,3,22.0438871473354,1.44200626959248,0,0.0752351097178683,76.4388714733542
55,7,32.3625407983932,1.68214913381873,1.64448907858398,0.301280441877981,64.0095405473261
55,4,18.4138103577683,1.43857893420065,0,0.0375281461095822,80.1100825619214
55,1,19.6618659987477,1.87852222917971,0,0.0876643706950532,78.3719474013776
55,2,24.5732931726908,2.13353413654618,0.0251004016064257,0.08785140562249,73.1802208835341
55,6,20.1324668832792,1.26218445388653,0.0249937515621095,0.0624843789052737,78.5178705323669
56,5,52.090112640801,4.01752190237797,4.60575719649562,0.212765957446809,39.0738423028786
56,3,35.0331208598925,2.36220472440945,0.0374953130858643,0.0124984376952881,62.5546806649169
56,4,36.0260097536576,2.98862073277479,1.01287982993623,0.0500187570338877,59.9224709265975
56,7,85.4804448331875,6.02274147194802,2.97388479320255,0.537298513057603,4.98563038860427
56,1,52.9352860182751,3.37964701464514,3.01664789084992,0.175240956314933,40.4931781199149
56,2,51.0382787090318,3.45258944208156,2.30172629472104,0.125093820365274,43.0823117338004
56,6,46.8441444819398,3.23709536307961,1.6747906511686,0.137482814648169,48.1064866891639
57,5,2.65508997105826,0.99408581854788,5.54926387315968,0.176167107084434,90.6253932301497
57,3,12.9484588175846,2.37493683678626,4.53511874684184,0.29055078322385,79.8509348155634
57,4,5.66607907328129,1.27171996978091,1.42281541173508,0.151095441954168,91.4882901032485
57,7,24.6155785228132,4.02067053188808,6.70531888076632,0.466347365767583,64.1920846987648
57,1,13.1436484955307,2.31650509882916,1.73737882412187,0.352511645474002,82.4499559360443
57,2,11.4807813484562,2.06679269061122,0.680529300567108,0.201638311279143,85.5702583490863
57,6,7.99195777833626,1.58331239004775,5.83061070620759,0.175923598894195,84.4181955265142
58,5,26.5640640640641,1.83933933933934,6.23123123123123,0.137637637637638,65.2277277277277
58,3,27.4887443721861,1.67583791895948,2.66383191595798,0.0625312656328164,68.1090545272636
58,4,27.0554373670379,2.06482292579152,5.73144787886372,0.0750844700287824,65.0732073582781
58,7,38.9334001001502,2.8542814221332,3.89334001001502,0.100150225338007,54.2188282423635
58,1,27.3319143608364,1.74032803305371,4.36960060097659,0.162764492299987,66.3953925128334
58,2,28.2137939667042,2.27813243209413,5.18212542245588,0.187758167480285,64.1381900112655
58,6,27.0496933283264,2.00275378645638,5.72036550256603,0.2628614344724,64.9643259481787
59,5,50.975975975976,3.41591591591592,6.31881881881882,0.162662662662663,39.1266266266266
59,3,26.2650300601202,2.36723446893788,3.1062124248497,0.0250501002004008,68.2364729458918
59,4,29.0956913827655,2.35470941883768,5.82414829659319,0.187875751503006,62.5375751503006
59,7,84.0010015022534,5.35803705558337,1.57736604907361,0.100150225338007,8.96344516775163
59,1,47.3941368078176,3.39513906289151,5.48734652969181,0.112753695815585,43.6106239037835
59,2,42.9967426710098,3.30744174392383,5.57504384865948,0.175394637935355,47.9453770984716
59,6,42.0756134201302,3.12969454181272,6.60991487230846,0.162744116174261,48.0220330495744
60,5,5.95342983008181,1.57331655129012,0.188797986154814,0.213971050975456,92.0704845814978
60,3,9.45248584015104,2.30333543108874,4.45563247325362,0.251730648206419,83.5368156073002
60,4,5.81424616159074,1.66121318902592,6.27988925245406,0.188774226025673,86.0558771709036
60,7,14.159626780986,2.72349010213088,3.02610011347875,0.327827512293532,79.7629554911108
60,1,15.7615559484718,3.52361707501894,6.04950745137661,0.492548623389745,74.1727709017429
60,2,13.6472667592476,2.94154778437066,5.52960484787274,0.252493372048984,77.62908723646
60,6,2.8869084975524,0.928831429647295,3.37642776452868,0.125517760763148,92.6823145475085
61,5,36.9698486175404,2.21443763292881,0.0125109470786939,0.0250218941573877,60.7781809082948
61,4,37.5406554916187,2.88966725043783,2.12659494620966,0.0250187640730548,57.4180635476607
61,3,38.1,2,0.0125,0,59.8875
61,7,56.4231106654969,3.13322471487655,2.15565860383507,0.350921168066174,37.9370848477253
61,1,38.0678263045927,1.86459767238143,0.0125140783381304,0,60.0550619446878
61,2,37.6155961009748,2.27443139215196,2.17445638590352,0.0749812546863284,57.8605348662834
61,6,38.4298037254657,2.13776722090261,0.0250031253906738,0,59.407425928241
62,5,35.3882706014756,2.78854570463924,1.87570338877079,0.0625234462923596,59.8849568588221
62,3,20.9104552276138,2.03851925962981,1.8384192096048,0.0500250125062531,75.1625812906453
62,4,14.6231721034871,1.41232345956755,0.0124984376952881,0.0124984376952881,83.9395075615548
62,1,35.0701402805611,2.89328657314629,1.87875751503006,0.100200400801603,60.0576152304609
62,7,70.7448137965509,5.6610847288178,4.19895026243439,0.587353161709573,18.8077980504874
62,2,30.4,2.4,0.025,0.05,67.125
62,6,30.3651825912956,2.28864432216108,0.0125062531265633,0.0125062531265633,67.3211605802901
63,5,5.81717451523546,1.03248552002015,1.63686728783682,0.113321581465626,91.400151095442
63,3,11.1882813486551,2.56345498168961,5.2531885339058,0.189417855789872,80.8056572799596
63,4,2.1578221051311,0.627273867770669,0.740183163969389,0.100363818843307,96.3743570442855
63,1,8.48629620316822,1.78526527533317,0.993210963037465,0.213728941413125,88.521498617048
63,7,11.9959677419355,2.15473790322581,6.61542338709677,0.441028225806452,78.7928427419355
63,2,11.1111111111111,2.4160060400151,3.04517427960237,0.264250660626652,83.1634579086448
63,6,5.5876443997991,1.46911099949774,1.67001506780512,0.138121546961326,91.1351079859367
64,5,34.8000501441645,2.26902344239689,5.51585809201454,0.0877522878275041,57.3273160335966
64,3,36.4773580185139,2.15161371028271,0.350262697022767,0.0125093820365274,61.0082561921441
64,4,36.2603047714214,2.54808893330003,0.024981264051961,0.0124906320259805,61.1541343992006
64,1,36.0902255639098,2.09273182957393,5.86466165413534,0.18796992481203,55.7644110275689
64,7,51.4571607254534,2.90181363352095,0.16260162601626,0.075046904315197,45.4033771106942
64,2,36.2181090545273,2.13856928464232,0.625312656328164,0.0250125062531266,60.9929964982491
64,6,36.5707133917397,1.90237797246558,0.888610763454318,0.0250312891113892,60.613266583229
65,5,38.6862228908111,3.32205089632694,6.45606117588066,0.0626802055910743,51.4729848313902
65,3,20.142892955628,2.16846327400351,6.0416144397092,0.100275758335422,71.5467535723239
65,4,15.7341344348479,1.38941043935411,1.48954812867693,0,81.386906997121
65,7,72.9651890808916,5.32181317305284,3.89431505133984,0.33809166040571,17.48059103431
65,1,38.4432188518426,3.27149661569316,5.72825269491101,0.100275758335422,52.4567560792178
65,2,35.8601678987596,3.33291567472748,6.10199223154993,0.187946372635008,54.516977822328
65,6,33.3416833667335,2.9934869739479,6.3251503006012,0.125250501002004,57.2144288577154
66,5,6.00555134998738,1.46353772394651,5.95508453192026,0.176633863234923,86.3991925309109
66,3,11.1153071500504,2.41691842900302,0.818227593152065,0.201409869083585,85.448136958711
66,7,12.1773076438736,2.48079586953784,1.17113713638081,0.302228938420854,83.8685304117869
66,4,2.32675135203119,0.74204502578292,3.58445478556156,0.125770343353037,93.2209784932713
66,1,9.45826493244097,2.33615355474176,6.06137138527592,0.239929284000505,81.8916529864882
66,2,12.2906434957814,2.64450321118247,1.77559501322252,0.239264576249843,83.0499937035638
66,6,5.75837410613474,1.29218416760758,1.25454773554134,0.15054572826496,91.5443482624514
67,5,44.3066516347238,2.6431166228235,0.425905048227483,0.0250532381310284,52.5992734560942
67,3,44.527736131934,2.54872563718141,0,0.0249875062468766,52.8985507246377
67,7,65.8091908091908,3.7962037962038,3.07192807192807,0.312187812187812,27.0104895104895
67,4,44.4194194194194,3.06556556556557,5.93093093093093,0.25025025025025,46.3338338338338
67,1,45.0043766412405,2.31336751281731,0.762786044766788,0.0250093785169439,51.8944604226585
67,2,44.2805350668834,2.72534066758345,0.0625078134766846,0,52.9316164520565
67,6,44.5984763332084,2.71012863744224,0.0124890720619458,0.0124890720619458,52.6664168852254
