moment,node,user,system,iowait,softirq,idle
1,2,0.162357936805295,0.0374672161858374,0,0,99.8001748470089
1,5,0.212340744441669,0.0374718960779415,0.0124906320259805,0,99.7376967274544
1,3,0.174868848363727,0.0374718960779415,0,0,99.7876592555583
1,4,0.112443778110945,0.0249875062468766,0,0,99.8625687156422
1,1,0.149887584311766,0,0.024981264051961,0,99.8251311516363
1,6,0.149887584311766,0.0374718960779415,0,0,99.8126405196103
1,7,0.1998001998002,0.0624375624375624,0.0124875124875125,0,99.7252747252747
2,3,0.0375,0.05,0,0,99.9125
2,2,0.062445360309729,0.0499562882477832,0,0,99.8875983514425
2,5,0.149906308557152,0.274828232354778,0.0124921923797626,0.0124921923797626,99.5502810743285
2,4,0.0749625187406297,0.0999500249875062,0.0124937531234383,0,99.8125937031484
2,1,0.0624609618988132,0.0249843847595253,0,0,99.9125546533417
2,6,0.187336080929187,0.274759585362808,0,0.0374672161858374,99.5004371175222
2,7,2.1375,0.8375,0,0.05,96.975
3,4,7.06603301650825,1.05052526263132,0.0125062531265633,0.0125062531265633,91.8584292146073
3,3,6.93453498560521,1.06396294905495,0.0125172111653524,0.0250344223307047,91.9639504318438
3,2,7,1.125,0.0125,0.0125,91.85
3,5,7.10184722915627,1.18572141787319,0,0.0374438342486271,91.6749875187219
3,1,7.01973519860105,1.09917561828629,0.0124906320259805,0.024981264051961,91.8436172870347
3,6,7.20360180090045,1.20060030015008,0.0125062531265633,0.0125062531265633,91.5707853926964
3,7,17.2845691382766,1.13977955911824,0.0250501002004008,0.0250501002004008,81.5255511022044
4,3,11.2126141909648,0.800901013640345,0.0125140783381304,0.0750844700287824,87.8988862470279
4,4,4.7125,0.3375,0.125,0,94.825
4,1,9.93617820047553,0.725816543611563,0.0125140783381304,0.0125140783381304,89.3129770992366
4,5,4.47667875453295,0.337626609978742,0.0250093785169439,0,95.1606852569714
4,2,4.89755122438781,0.28735632183908,0.0124937531234383,0,94.8025987006497
4,6,5.17176764522174,0.324797001873829,0.0249843847595253,0.0124921923797626,94.4659587757651
4,7,4.58520739630185,0.36231884057971,0.0124937531234383,0,95.039980009995
5,3,46.2725903614458,3.07479919678715,0,0.61495983935743,50.0376506024096
5,5,42.6995864143376,2.97029702970297,0.0125328988595062,0.551447549818273,53.7661361072816
5,1,57.7562326869806,5.03651473180559,0,0.717703349282297,36.4895492319315
5,4,41.7827997489014,4.04268675455116,0.150659133709981,0.778405524168236,53.2454488386692
5,2,44.4917376064096,3.20480721081622,0,0.42563845768653,51.8778167250876
5,6,41.6196565124734,3.91124482888304,0,0.413689356901091,54.0554093017425
5,7,43.7797842989717,5.71858540255831,0,0.702282417858039,49.799347880612
6,3,46.8808836450358,3.33877243629974,0.0251035521526296,1.07945274256307,48.6757876239488
6,1,78.0341023069208,1.95586760280843,0,0.827482447342026,19.1825476429288
6,5,50.2823440833229,2.43443342953947,0.0125486259254612,0.928598318484126,46.3420755427281
6,4,50.5252626313157,2.26363181590795,0.0125062531265633,0.700350175087544,46.4982491245623
6,2,55.4526104920496,1.52748215850757,0.0125203455615375,0.388130712407662,42.6192562914736
6,7,56.87625250501,1.22745490981964,0.0250501002004008,0.413326653306613,41.4453907815631
6,6,54.307210031348,1.37931034482759,0.0125391849529781,0.438871473354232,43.8620689655172
7,4,29.6510168214913,1.63193572683907,0,0.640220938990711,68.064273160934
7,5,45.6538076152305,2.14178356713427,0,0.513527054108216,51.6908817635271
7,1,61.8528268772722,2.54481634699762,0.0250720822364297,0.576657891437884,35.0006268020559
7,3,49.3181533842112,1.37620417865632,0,0.32528462404604,48.9803578130864
7,2,37.8229245046401,1.96889892149486,0.0125407574617507,0.627037873087534,59.5685979433158
7,7,35.9302471459039,1.60582110149291,0.0125454773554134,0.426546230084055,62.0248400451637
7,6,29.1107487771228,2.13219616204691,0,0.476608553869309,68.280446506961
8,5,29.155722326454,1.96372732958099,0.0875547217010632,0.337711069418386,68.4552845528455
8,1,44.7639377197388,3.35258663987946,0,0.301356102461075,51.5821195379206
8,4,25.462962962963,2.12712712712713,0.0125125125125125,0.225225225225225,72.1721721721722
8,3,27.6830491474423,2.20661985957874,0,0.288365095285858,69.8219658976931
8,2,26.1985229690825,1.82751283014144,0,0.187758167480285,71.7862060332958
8,7,21.4966156931562,1.4414640260717,0.137879167711206,0.162948107295061,76.7610930057659
8,6,26.10436741334,1.8520835940433,0.137654861719434,0.225253410086347,71.6806407208109
9,1,70.0550826239359,3.00450676014021,0,0.0500751126690035,26.8903355032549
9,5,50.1126126126126,1.46396396396396,0.0125125125125125,0.1001001001001,48.3108108108108
9,3,50.281144570786,1.89928776708734,0.0124953142571536,0.0124953142571536,47.7945770336124
9,4,48.2129467633092,2.11197200699825,0.0124968757810547,0.0374906273431642,49.6250937265684
9,2,47.8385807096452,0.812093953023488,0,0.0249875062468766,51.3243378310845
9,7,48.2064741907262,1.64979377577803,0.162479690038745,0.0499937507811524,49.9312585926759
9,6,49.6437945256843,1.83727034120735,0.0124984376952881,0.0499937507811524,48.4564429446319
10,1,45.2622355739141,3.7050945049443,0.300413067968457,0.275378645637752,50.4568782075354
10,5,19.9974987493747,2.03851925962981,0.300150075037519,0.0750375187593797,77.5887943971986
10,3,25.8395989974937,2.28070175438596,0.651629072681704,0.075187969924812,71.1528822055138
10,4,32.1102066374452,2.57983719474014,0.0125234815278647,0.137758296806512,65.1596743894803
10,2,16.1665416354089,3.088272068017,0.312578144536134,0.0750187546886722,80.3575893973493
10,7,16.2680025046963,4.1202254226675,0.0125234815278647,0.125234815278647,79.4740137758297
10,6,23.7165038817931,5.29676934635612,0.275482093663912,0.212872526922114,70.4983721512647
11,1,74.8437890527368,2.17445638590352,0,0.0749812546863284,22.9067733066733
11,5,35.053091817614,0.861961274203623,0.0249843847595253,0.0249843847595253,64.0349781386633
11,3,40.975,2,0.025,0.05,56.95
11,4,39.9899962485932,1.95073152432162,0.0250093785169439,0.0500187570338877,57.9842440915343
11,2,36.6770768269831,1.47407870081199,0.0374765771392879,0.0249843847595253,61.7863835103061
11,7,37.5125,0.7375,0.025,0.0625,61.6625
11,6,34.4495814069724,1.51193302511558,0.0249906285143071,0.0749718855429214,63.9385230538548
12,1,51.4635976982737,3.72779584688516,0,0.100075056292219,44.7085313985489
12,5,28.7235375172241,4.72253538769886,0.0125266190655142,0.175372666917199,66.3660278090943
12,4,29.1228070175439,2.35588972431078,0.012531328320802,0.050125313283208,68.4586466165414
12,3,28.7859824780976,3.22903629536921,0.0125156445556946,0.112640801001252,67.8598247809762
12,2,19.4948105539577,1.22545954733025,0,0.0375140677754158,79.2297111416781
12,6,27.8014539984959,2.14339433441965,0.0125344697919278,0.125344697919278,69.9172724993733
12,7,19.9073494428446,1.37723801176912,0.0125203455615375,0.112683110053837,78.5902090897709
13,5,25.8771929824561,1.76691729323308,0,0.137844611528822,72.218045112782
13,1,50.1503759398496,3.1203007518797,0.012531328320802,0.162907268170426,46.5413533834586
13,4,25.5985959633948,1.46671681083114,0.0125360411182149,0.137896452300364,72.7842547323555
13,3,26.5221748935104,1.64119268353796,0.0125281884239539,0.0626409421197695,71.7614632924079
13,2,20.5977988994497,1.95097548774387,0.0250125062531266,0.11255627813907,77.3136568284142
13,6,26.9640395940358,2.3305350206741,0.0125297581756672,0.125297581756672,70.5675980453577
13,7,20.5337008268604,1.86670007516913,0,0.112753695815585,77.4868454021548
14,5,24.8275862068966,1.79310344827586,0.952978056426332,0.175548589341693,72.2507836990596
14,1,50.2823440833229,3.02421884803614,0,0.138034885180073,46.5554021834609
14,4,26.7729383707795,2.07104305259194,0.903727877494666,0.062758880381574,70.1895318187524
14,3,26.4602657307596,2.04311857608423,1.01529205314615,0.0752068187515668,70.4061168212585
14,6,22.6400902594961,1.52939701642221,0.0250720822364297,0.100288328945719,75.7051523128996
14,2,21.6341341341341,1.66416416416416,0,0.1001001001001,76.6016016016016
14,7,18.1056056056056,1.05105105105105,0.025025025025025,0.0500500500500501,80.7682682682683
15,5,21.4133833646029,1.37585991244528,0.0125078173858662,0.0250156347717323,77.1732332707942
15,1,49.1597692500627,3.46124905944319,0.90293453724605,0.200652119388011,46.27539503386
15,4,25.5819774718398,1.4017521902378,0.0250312891113892,0.0625782227784731,72.9286608260325
15,3,25.529249655518,1.69109357384442,0.0250532381310284,0.0626330953275711,72.691970437179
15,2,21.4035526644984,1.36352264198149,0.725544158118589,0.100075056292219,76.4073054791093
15,6,26.0684296277729,1.59167815515729,0.789572628148891,0.0877302920165434,71.4625892969044
15,7,18.047744031996,0.78740157480315,0.637420322459692,0.0249968753905762,80.5024371953506
16,5,22.2694858000751,2.30201426247967,0.0125109470786939,0.0750656824721631,75.3409233078944
16,1,48.7853744052091,2.36664162283997,0.0125219133483596,0.150262960180316,48.6851990984222
16,4,24.8088253729472,1.55446909865864,0.0125360411182149,0.0376081233546446,73.5865613639213
16,3,26.5881468487658,1.4910412229044,0.0125297581756672,0.0501190327026688,71.8581631374514
16,2,18.7593984962406,1.35338345864662,0.025062656641604,0.06265664160401,79.7994987468672
16,6,24.686873747495,1.76603206412826,0.0125250501002004,0.0250501002004008,73.5095190380761
16,7,18.1397674709339,1.72521565195649,0.0125015626953369,0.0250031253906738,80.0975121890236
17,5,25.725,1.9625,0.05,0.075,72.1875
17,1,51.1956930011268,3.004882934769,0.05008138224615,0.0876424189307625,45.6617002629273
17,4,28.8541014402004,1.92861615529117,0.050093926111459,0.100187852222918,69.0670006261741
17,3,28.9189867067971,1.76824680210685,0.0501630298470028,0.100326059694006,69.1622774015551
17,2,23.2820127675554,1.5771686068344,0.0125172111653524,0.100137689322819,75.028163725122
17,6,30.815482901165,1.35287485907554,0.0626330953275711,0.0751597143930853,67.6938494300388
17,7,21.3650594865373,1.35253600500939,0,0.0375704445835942,77.2448340638698
18,5,24.6616541353383,1.52882205513784,0.739348370927318,0.150375939849624,72.9197994987469
18,1,55.6001505079644,2.32033111752164,2.01931518876207,0.1379656340148,39.9222375517371
18,4,28.8791484032561,1.45272385723231,0.187852222917971,0.0876643706950532,69.3926111458986
18,3,27.9413607317379,1.95464227540408,1.24044605939105,0.0877083072296705,68.7758426262373
18,2,22.9257915154549,1.67688649730947,1.28895006882743,0.0375422350143912,74.0708296833938
18,6,30.1565435190983,2.19160926737633,1.57795867251096,0.125234815278647,65.9486537257358
18,7,21.8088437930603,1.37792809720656,0.0751597143930853,0.0626330953275711,76.6754353000125
19,5,24.4232698094283,1.4543630892678,0.752256770310933,0.11283851554664,73.2572718154463
19,1,48.0270574971815,2.84354252787173,0.137792809720656,0.150319428786171,48.8412877364399
19,4,26.2399799599198,1.75350701402806,1.36523046092184,0.162825651302605,70.4784569138277
19,2,19.8922035597894,1.36625720732013,1.00275758335422,0.100275758335422,77.6385058912008
19,3,26.6483172776179,1.37620417865632,0.87576629550857,0.137620417865632,70.9620918303516
19,6,22.8689447990988,1.42696207285017,0.801101514582551,0.0625860558267618,74.8404055576418
19,7,19.617165019392,1.95170774427624,1.13849618416114,0.100087576629551,77.1925434755411
20,5,25.4919162802356,1.94259932322346,3.38388269206667,0.0751973931570372,69.1064043113172
20,1,54.2481203007519,3.57142857142857,3.35839598997494,0.25062656641604,38.5714285714286
20,4,30.2996113827253,2.14366303121474,3.19669048514479,0.150432493418578,64.2096026074965
20,3,28.9638735574511,2.22027094831912,3.6628198695434,0.0878073256397391,65.0652282990467
20,2,25.1658945786904,1.56504319519219,0.1001627644923,0.075122073369225,73.0937773882559
20,7,22.2013288203585,1.89294220885045,2.38184781246082,0.100288328945719,73.4235928293845
20,6,27.9644021057909,2.05565304587616,0.940085234394585,0.125344697919278,68.9145149160191
21,5,22.3098098098098,1.3013013013013,0.0125125125125125,0.0500500500500501,76.3263263263263
21,1,53.2205513784461,2.13032581453634,0,0.100250626566416,44.5488721804511
21,4,26.3184266566454,1.44056119253414,0.0125266190655142,0.0375798571965427,72.1909056745584
21,2,21.6585243642741,1.16497557309282,1.41550795440311,0.0501064762620569,75.7108856319679
21,3,27.6803607214429,1.69088176352705,0.0250501002004008,0.0876753507014028,70.5160320641283
21,7,20.5057586379569,1.67751627441162,0.0125187781672509,0.0751126690035053,77.7290936404607
21,6,28.6609044218965,2.00425905048228,1.39045471627208,0.150319428786171,67.7940623825629
22,5,22.6040234911908,1.83681119580157,2.18667999500187,0.112457828314382,73.2600274896914
22,1,50.7141067401654,2.76872964169381,0.551240290653971,0.162866449511401,45.8030568779754
22,4,24.3605817452357,1.57973921765296,1.50451354062187,0.125376128385155,72.4297893681043
22,3,24.191931846655,1.46579804560261,1.57855174141819,0.0501127536958156,72.7136056126284
22,2,19.984973703982,1.66541447533183,1.85324317555723,0.0751314800901578,76.4212371650388
22,6,22.877535687453,1.81567743551215,1.38993238166792,0.125219133483596,73.7916353618833
22,7,17.7235772357724,1.46341463414634,0.863039399624766,0.100062539086929,79.8499061913696
23,5,21.6977588581445,1.48992112182296,0.1001627644923,0.0626017278076875,76.6495555277326
23,1,47.1856587689608,2.6952488404162,1.55446909865864,0.175504575655008,48.3891187163094
23,4,23.1606606606607,1.35135135135135,1.23873873873874,0.0625625625625626,74.1866866866867
23,2,19.9349674837419,1.2256128064032,0.0125062531265633,0.0625312656328164,78.7643821910955
23,3,25.244177310293,1.427498121713,0.68870523415978,0.0876533934385174,72.5519659403957
23,6,22.485281222598,1.95415257422022,0.0125266190655142,0.0626330953275711,75.4854064887887
23,7,17.2482801751094,1.31332082551595,0.825515947467167,0.0625390869293308,80.5503439649781
24,5,22.338961851157,1.85115697310819,0.0125078173858662,0.100062539086929,75.697310819262
24,1,46.9395418700713,2.70371761171611,0.0125172111653524,0.0751032669921142,50.2691200400551
24,2,19.5195195195195,1.5015015015015,0.025025025025025,0.1001001001001,78.8538538538538
24,3,27.4389480275517,2.00375704445836,0.0125234815278647,0.0751408891671885,70.4696305572949
24,4,23.1510449255412,1.5642597922663,0.0250281566762608,0.0375422350143912,75.2221248905018
24,6,23.7260548391136,2.04081632653061,0.0125203455615375,0.0876424189307625,74.1329660698635
24,7,18.1408732641061,2.01426247966971,0.0125109470786939,0.087576629550857,79.7447766795947
25,1,51.1724137931034,2.01880877742947,0,0.137931034482759,46.6708463949843
25,5,21.7908578584847,1.32748904195366,0.0125234815278647,0.112711333750783,76.756418284283
25,3,24.9686795289401,1.40315710348284,0,0.0876973189676773,73.5404660486094
25,2,19.5972986493247,1.27563781890945,0.0125062531265633,0.0500250125062531,79.0645322661331
25,4,24.0050062578223,1.37672090112641,0.0125156445556946,0.0375469336670839,74.5682102628285
25,6,22.7973430254418,1.54154655971926,0.0125328988595062,0.112796089735556,75.5357814262439
25,7,17.8477690288714,1.18735158105237,0.0249968753905762,0.0874890638670166,80.8523934508187
26,5,18.9182421434832,1.32715662952297,1.55252284963065,0.0876424189307625,78.1144359584325
26,1,47.189460476788,2.08281053952321,1.99498117942284,0.112923462986198,48.6198243412798
26,4,19.8348141659367,1.12626705043174,1.55174571392817,0.0750844700287824,77.4120885996746
26,3,21.9106047326906,1.37723801176912,1.69024665080756,0.075122073369225,74.9467885313635
26,2,18.919594848068,1.27547830436414,1.27547830436414,0.0500187570338877,78.4794297861698
26,6,22.2681704260652,1.57894736842105,1.2531328320802,0.162907268170426,74.7368421052632
26,7,15.2767342849987,0.989231154520411,1.06436263461057,0.0375657400450789,82.6321061858252
27,1,51.3902805611222,2.79308617234469,0.0125250501002004,0.0876753507014028,45.7164328657315
27,5,21.7772215269086,1.78973717146433,0.0125156445556946,0.100125156445557,76.3204005006258
27,4,23.8482724086129,1.81522283425138,0.0125187781672509,0.0625938908362544,74.2613920881322
27,3,26.3507584304877,1.90547824996866,0.0250720822364297,0.0752162467092892,71.643474990598
27,2,19.3419241836607,1.53884649067934,0.0125109470786939,0.0375328412360816,79.0691855373452
27,6,24.7902842118442,1.77788906973832,0.0375610366846125,0.0626017278076875,73.3316639539251
27,7,16.6624968726545,1.4135601701276,0.0250187640730548,0.100075056292219,81.7988491368526
28,1,50.4889669007021,2.08124373119358,0,0.150451354062187,47.2793380140421
28,5,22.3281485198194,1.39237330657301,0.0250878073256397,0.0501756146512795,76.2042147516307
28,3,24.2143483160135,1.21447351946914,0.0125203455615375,0.0375610366846125,74.5210967822712
28,4,26.2729888652571,1.33867133742024,0.0250218941573877,0.0375328412360816,72.3257850619292
28,2,17.7199349267926,1.17632336378426,0.0125140783381304,0.0375422350143912,81.0536853960706
28,6,25.4131196795193,1.46469704556835,0.0250375563345018,0.100150225338007,72.9969954932399
28,7,16.3663663663664,0.925925925925926,0.0125125125125125,0.0500500500500501,82.6451451451452
29,1,49.355040701315,2.8052598622417,0,0.100187852222918,47.7395115842204
29,5,20.3177780557988,1.46378080820718,0.0125109470786939,0.0500437883147754,78.1558864006005
29,4,25.8763144717076,1.92789183775663,0.0125187781672509,0.0375563345017526,72.1457185778668
29,3,25.0469160515451,1.78906543225322,0.0125109470786939,0.0375328412360816,73.1139747278869
29,2,18.7116948092558,1.47592245153221,0.0125078173858662,0.0625390869293308,79.7373358348968
29,6,24.7776525115871,1.66604033571339,0.0250532381310284,0.0751597143930853,73.4560942001754
29,7,15.4211447138215,1.33716570857286,0.0124968757810547,0.0374906273431642,83.1917020744814
30,1,49.8935237379431,2.07941876487536,0,0.0751597143930853,47.9518977827884
30,5,22.2430842408311,1.28927275003129,0.0125172111653524,0.0751032669921142,76.3800225309801
30,4,22.8303068252974,1.30244207889793,0.0125234815278647,0.0375704445835942,75.8171571696932
30,3,24.49924887331,1.48973460190285,0.0125187781672509,0.0625938908362544,73.9359038557837
30,2,18.8993120700438,1.15071919949969,0.0125078173858662,0.0375234521575985,79.8999374609131
30,6,22.775,1.2625,0.0125,0.0625,75.8875
30,7,14.5340838023765,0.91307066916823,0.0125078173858662,0.0375234521575985,84.5028142589118
31,1,47.6959679439018,2.93012772351615,0,0.0876533934385174,49.2862509391435
31,5,19.7549387346837,1.73793448362091,0,0.0500125031257814,78.4571142785696
31,3,25.1628256513026,1.99148296593186,0,0.137775551102204,72.7079158316633
31,4,24.2299023290759,1.77811169546707,0.0250438266967193,0.100175306786877,73.8667668419735
31,2,18.2853566958698,1.4017521902378,0.0125156445556946,0.0375469336670839,80.2628285356696
31,6,23.8901429646351,2.11938801103587,0.0125407574617507,0.125407574617507,73.8525206922498
31,7,16.2560960360135,1.53807677879205,0.0250093785169439,0.0625234462923596,82.1182943603851
32,1,45.7680250783699,2.23197492163009,0,0.0626959247648903,51.9373040752351
32,5,19.4694694694695,1.16366366366366,0.025025025025025,0.0500500500500501,79.2917917917918
32,3,23.1675228668087,1.34068412479639,0.0125297581756672,0.100238065405338,75.3790251848139
32,4,22.3960941412118,1.26439659489234,0,0.0500751126690035,76.2894341512268
32,2,18.6820057521571,1.03788920845317,0.0250093785169439,0.0125046892584719,80.2425909716144
32,6,21.9829744616925,1.33950926389584,0.0125187781672509,0.0500751126690035,76.6149223835754
32,7,16.9773551857876,1.36369323157763,0.0125109470786939,0.0750656824721631,81.5713749530839
33,1,44.8176463215942,1.8172703346284,0,0.125328988595062,53.2397543551824
33,5,18.6756790587057,1.35185880585805,0.0125172111653524,0.0751032669921142,79.8848416572788
33,3,18.9290629300638,0.988364819216815,0.0125109470786939,0.0625547353934693,80.0075065682472
33,4,19.4614902943018,1.15216030056356,0.0125234815278647,0.0751408891671885,79.2986850344396
33,2,16.2974089372888,0.876204781574665,0.47565402428339,0.0500688446614094,82.3006634121918
33,6,18.9273659207401,1.48768596074509,0.437554694336792,0.137517189648706,79.0098762345293
33,7,16.0405709992487,1.21462559479088,0.0125219133483596,0.0375657400450789,82.694715752567
34,1,46.9976181521875,2.51974426476119,0.137896452300364,0.0752162467092892,50.2695248840416
34,5,19.2967087973971,1.48917532223752,0.150168940057565,0.0375422350143912,79.0264047052935
34,4,22.7073689478294,1.31364944326285,0.0125109470786939,0.0375328412360816,75.928937820593
34,3,23.8977955911824,1.87875751503006,0.375751503006012,0.062625250501002,73.7850701402806
34,2,19.4926902411596,1.41197051105835,0.0249906285143071,0.0499812570286143,79.0203673622392
34,6,26.7543859649123,2.06766917293233,0.952380952380952,0.137844611528822,70.0877192982456
34,7,17.1610965076981,1.41444486168482,0.162723745149581,0.100137689322819,81.1615971961447
35,1,46.9032096288867,2.0937813440321,1.31644934804413,0.213139418254764,49.4734202607823
35,5,19.7895791583166,1.35270541082164,1.40280561122244,0.125250501002004,77.3296593186373
35,4,20.6404803602702,0.988241180885664,0.0125093820365274,0.0500375281461096,78.3087315486615
35,3,23.606762680025,1.51534126487163,1.71571696931747,0.0751408891671885,73.0870381966187
35,2,17.6949067701164,1.08872481541734,0.0250281566762608,0.062570391690652,81.1287698660994
35,6,23.6031069907291,1.55349536457028,0.0250563768479078,0.0501127536958156,74.7682285141569
35,7,16.0330165082541,1.21310655327664,1.76338169084542,0.087543771885943,80.9029514757379
36,1,52.1102066374452,2.64245460237946,0,0.0876643706950532,45.1596743894803
36,5,20.4130162703379,1.56445556946183,0.0500625782227785,0.0625782227784731,77.909887359199
36,4,23.5198397796971,1.67730629615722,0.2628614344724,0.0751032669921142,74.4648892226812
36,3,25.7661038148843,1.7385866166354,0.0125078173858662,0.0375234521575985,72.4452782989368
36,2,18.9588286822676,1.70191465398573,0.0250281566762608,0.0500563133525216,79.2641721937179
36,6,22.287647206214,1.51591079929842,0.0125281884239539,0.0501127536958156,76.1338010523678
36,7,16.2266983610659,1.27611660202677,0.0250218941573877,0.0125109470786939,82.4596521956712
37,1,50.8523439458511,2.10579092504387,0.0125344697919278,0.0752068187515668,46.9541238405615
37,5,21.5232616308154,1.43821910955478,0.0250125062531266,0.0750375187593797,76.9384692346173
37,4,25.0312734550913,1.46359769827371,1.57618213660245,0.0875656742556918,71.8413810357768
37,3,25.7640280561122,1.44038076152305,0.0125250501002004,0.062625250501002,72.7204408817635
37,2,21.5394242803504,1.25156445556946,0.0125156445556946,0.0625782227784731,77.1339173967459
37,6,24.6463887845788,1.63975466266116,0.0125172111653524,0.100137689322819,73.6012016522719
37,7,15.4818523153942,1.02628285356696,0.0375469336670839,0.0375469336670839,83.4167709637046
38,1,48.8541014402004,2.35441452723857,0,0.050093926111459,48.7413901064496
38,5,21.2997746055597,1.59028299524167,0,0.125219133483596,76.984723265715
38,4,22.6703406813627,1.52805611222445,0.0125250501002004,0.0375751503006012,75.751503006012
38,3,22.2055137844612,1.67919799498747,0.012531328320802,0.050125313283208,76.0526315789474
38,2,19.125751503006,1.35270541082164,0.0125250501002004,0.0375751503006012,79.4714428857715
38,6,23.170273989741,1.6389340673089,0.0125109470786939,0.125109470786939,75.0531715250845
38,7,14.4623454477332,1.24890720619458,0.0124890720619458,0.062445360309729,84.2138129137005
39,1,48.6787726988103,2.07889793362555,0,0.100187852222918,49.1421415153413
39,5,17.661038148843,1.36335209505941,0.0250156347717323,0.100062539086929,80.8505315822389
39,4,18.9534301452178,1.05157736604907,0.0625938908362544,0.0500751126690035,79.8823234852278
39,3,22.1039448966813,1.44020037570445,0.0125234815278647,0.0751408891671885,76.3681903569192
39,2,15.1162790697674,0.900225056264066,0.200050012503126,0.0375093773443361,83.745936484121
39,6,20.4961162615886,1.35304434978702,0.0375845652718617,0.0751691305437234,78.0380856928088
39,7,13.8457686529795,0.988983475212819,0.0125187781672509,0.0500751126690035,85.1026539809715
40,1,46.6466466466466,2.33983983983984,0.0125125125125125,0.0750750750750751,50.9259259259259
40,5,19.559779889945,1.48824412206103,0.0125062531265633,0.0500250125062531,78.8894447223612
40,4,24.364592462752,1.7027669963691,0.025040691123075,0.075122073369225,73.8324777763866
40,3,25.1693002257336,1.55505392525709,0.0125407574617507,0.0501630298470028,73.2129420617005
40,2,17.0985104518713,1.3393415946927,0.0375516334960571,0.0500688446614094,81.4745274752785
40,6,26.1440360090022,2.36309077269317,0.0250062515628907,0.0875218804701175,71.3803450862716
40,7,18.8643770368513,1.56680872399098,0.0250689395838556,0.0877412885434946,79.4560040110303
41,1,50.9953674721422,2.04081632653061,0,0.05008138224615,46.913734819081
41,5,20.3930896344517,1.18928392588883,0,0.0751126690035053,78.342513770656
41,4,24.8155096935585,1.45090681676048,0.0125078173858662,0.075046904315197,73.64602876798
41,3,25.6291473644673,1.47740077626142,0.025040691123075,0.025040691123075,72.8433704770252
41,6,24.8371743486974,1.69088176352705,0.150300601202405,0.0876753507014028,73.2339679358717
41,2,19.9524643482612,1.06329747310483,0.0125093820365274,0.0750562922191644,78.8966725043783
41,7,18.2341891045711,1.2773951158422,0.0125234815278647,0.0876643706950532,80.3882279273638
42,1,46.7275685145789,2.44024527593543,0.0125140783381304,0.100112626705043,50.7195595044425
42,5,19.5445445445445,1.48898898898899,0.0125125125125125,0.0500500500500501,78.9039039039039
42,4,21.0743801652893,1.65289256198347,0,0.0500876533934385,77.2226396193338
42,3,22.6783479349186,1.6270337922403,0.0250312891113892,0.0876095118898623,75.5819774718398
42,2,16.4412722263962,1.27723516153268,0.0125219133483596,0.0125219133483596,82.2564487853744
42,6,22.0190380761523,1.75350701402806,0.100200400801603,0.0751503006012024,76.0521042084168
42,7,15.0544362407709,1.08872481541734,0,0.0250281566762608,83.8318107871355
43,1,44.5947638732306,1.97920581235125,0.150319428786171,0.0626330953275711,53.2130777903044
43,5,18.8813813813814,1.32632632632633,0.025025025025025,0.0625625625625626,79.7047047047047
43,4,21.9368579303433,1.19017790027562,0.0125281884239539,0.0751691305437234,76.7852668504134
43,6,23.2610602832435,1.39115177340519,0.213059280611605,0.0375986965785186,75.0971299661612
43,3,24.2401500938086,1.45090681676048,0.0250156347717323,0.075046904315197,74.208880550344
43,2,16.0270033754219,0.775096887110889,0.0125015626953369,0.0250031253906738,83.1603950493812
43,7,14.4787886372169,0.93855587535978,0.125140783381304,0.0375422350143912,84.4199724690277
44,1,47.2069138276553,2.39228456913828,0.0375751503006012,0.0375751503006012,50.3256513026052
44,5,21.1027568922306,1.34085213032581,0.488721804511278,0.037593984962406,77.0300751879699
44,4,25.2099786887301,1.67982950984079,0.0250720822364297,0.0752162467092892,73.0099034724834
44,6,25.203455615375,1.99073494428446,0.0375610366846125,0.0626017278076875,72.7056466758483
44,3,24.396346803453,1.76404353809583,0.0125109470786939,0.087576629550857,73.7395220818216
44,2,18.5741088180113,1.41338336460288,0.150093808630394,0.0625390869293308,79.7998749218261
44,7,17.7142140258437,1.38000250909547,1.07891105256555,0.0752728641324802,79.7515995483628
45,1,48.8908384509337,2.28098759243013,0,0.125328988595062,48.7028449680411
45,5,27.18616887998,1.97945377098472,2.43046855424706,0.125281884239539,68.2786269105487
45,4,25.9254627313657,1.37568784392196,0.0125062531265633,0.0500250125062531,72.6363181590795
45,3,25.5545807745332,1.4162175711242,0.150394786314074,0.0751973931570372,72.8036094748715
45,2,18.8164644063556,1.226072813712,1.37620417865632,0.137620417865632,78.4436381834105
45,6,24.0120060030015,1.56328164082041,0.0125062531265633,0.100050025012506,74.312156078039
45,7,15.607803901951,0.87543771885943,0.0375187593796898,0.0375187593796898,83.4417208604302
46,1,43.0574683861275,2.25366220107675,0.0125203455615375,0.0876424189307625,54.5887066483035
46,5,19.073262366938,1.55291170945523,0.0626174076393237,0.0626174076393237,79.2485911083281
46,4,21.8241042345277,1.61613630669005,0.150338261087447,0.0375845652718617,76.371836632423
46,3,20.3031062124249,1.27755511022044,0.0125250501002004,0.0375751503006012,78.3692384769539
46,2,16.6791791791792,1.28878878878879,0.175175175175175,0.0750750750750751,81.7817817817818
46,6,19.2929672809327,1.39150056412185,0,0.0752162467092892,79.2403159082362
46,7,16.0866299449174,1.55232849273911,0.0125187781672509,0.0500751126690035,82.2984476715073
47,1,36.2144557184016,2.22973819366153,0.0125266190655142,0.137792809720656,61.4054866591507
47,5,13.9706803658689,1.35321388297206,0.0125297581756672,0.162886856283674,84.5006891366997
47,4,17.8870947552885,1.56465139566904,0.0125172111653524,0.112654900488171,80.4230817373889
47,2,11.0443275732532,1.05184072126221,0,0.137741046831956,87.7660906586526
47,6,17.9426137075554,1.74163638641774,0.0250595163513344,0.0877083072296705,80.2029820824458
47,3,18.1169400275448,1.64016526856141,0.0125203455615375,0.125203455615375,80.1051709027169
47,7,8.66358294786848,1.02512814101763,0.0250031253906738,0.0750093761720215,90.2112764095512
48,1,77.1945246766294,1.23069195027,0,0.766042948637448,20.7961823433379
48,5,46.3886446426328,1.88418540384374,0.0125612360256249,1.09282753422937,50.6092199472428
48,4,55.0506947052197,0.813618725747903,0.0125172111653524,0.47565402428339,43.6475153335837
48,2,55.974921630094,0.576802507836991,0.0125391849529781,0.313479623824451,43.1222570532915
48,6,51.5527172551966,0.901577761081893,0,0.513398447282745,47.0323065364388
48,3,47.741530740276,1.59347553324969,0.0125470514429109,0.978670012547051,49.6737766624843
48,7,54.5248868778281,0.904977375565611,0.012569130216189,0.465057817998994,44.0925087983912
49,1,68.7751509054326,1.40845070422535,0,0.892857142857143,28.9235412474849
49,5,52.9904904904905,0.750750750750751,0,0.588088088088088,45.6706706706707
49,4,44.3287327478043,1.34253450439147,0,0.915934755332497,53.4002509410289
49,2,48.025078369906,1.22884012539185,0,0.714733542319749,50.0313479623824
49,3,49.2170863084054,1.16497557309282,0,0.701490667668796,48.916447450833
49,6,49.7807292319258,0.964791379526375,0,0.375892745270016,48.8785866432778
49,7,51.8936543767244,1.00326059694006,0,0.55179332831703,46.5512916980186
50,1,40.8629123291107,1.12880973284836,0,0.451523893139345,57.5567540449015
50,5,23.2648459032824,0.438486594838386,0.0125281884239539,0.338261087446755,75.9458782260085
50,4,25.8864803909285,0.714196216013031,0,0.350833228918682,73.0484901641398
50,2,34.1307615230461,0.225450901803607,0,0.125250501002004,65.5185370741483
50,3,33.7382592360676,0.50093926111459,0,0.388227927363807,65.372573575454
50,6,29.3381708995371,0.600525459777305,0,0.400350306518203,69.6609533341674
50,7,41.495747873937,0.450225112556278,0.0125062531265633,0.262631315657829,57.7663831915958
51,1,32.9448621553885,1.2280701754386,0,0.513784461152882,65.3132832080201
51,5,21.7592592592593,0.788288288288288,0.0125125125125125,0.550550550550551,76.8893893893894
51,4,22.1151439299124,0.638297872340426,0,0.463078848560701,76.7834793491865
51,2,26.7251095804634,0.989355040701315,0.0125234815278647,0.47589229805886,71.7971195992486
51,6,22.0105289546252,0.752068187515668,0,0.325896214590123,76.8989721734771
51,3,22.7940253545877,1.16731517509728,0,0.552278147357851,75.4738295468809
51,7,30.7538191835712,0.751314800901578,0.0250438266967193,0.363135487102429,68.106686701728
52,1,81.2382504073192,1.35355307682667,0,1.05276350419852,16.3554330116556
52,5,57.8320802005013,0.726817042606516,0,0.639097744360902,40.8020050125313
52,4,57.958672510958,0.73888541014402,0.0125234815278647,0.525986224170319,40.7639323731998
52,2,57.2215269086358,0.750938673341677,0,0.538172715894869,41.4893617021277
52,6,58.0967862948606,0.7127672877329,0,0.600225084406652,40.5902213329999
52,3,54.786303424144,1.11222194451387,0,0.94976255936016,43.151712071982
52,7,60.2080461210678,0.476250156661236,0,0.338388269206667,38.9773154530643
53,1,72.4090511313914,1.10013751718965,0,0.8126015751969,25.678209776222
53,5,48.8028080732105,1.00288328945719,0,0.739626425974677,49.4546822113577
53,4,51.7530678687704,0.838968194340095,0,0.576008014024543,46.831955922865
53,2,53.9769884942471,0.525262631315658,0,0.375187593796898,45.1225612806403
53,6,37.1635999499312,1.26423832770059,0.0375516334960571,1.06396294905495,60.4706471398172
53,3,47.2747775967924,0.639017666959028,0,0.363362987094349,51.7228417491542
53,7,45.5707304849016,0.877083072296705,0,0.701666457837364,52.8505199849643
