moment,node,user,system,iowait,softirq,idle
1,5,0.0999250562078441,0.0499625281039221,0.0124906320259805,0,99.8376217836623
1,2,0.162378216337747,0.024981264051961,0.024981264051961,0.0124906320259805,99.7751686235324
1,3,0.162398500936914,0.0374765771392879,0.0374765771392879,0,99.7626483447845
1,4,0.262172284644195,0.0374531835205993,0.0249687890137328,0,99.6754057428215
1,1,0.23729236917697,0.0499562882477832,0.0124890720619458,0,99.7002622705133
1,7,0.174868848363727,0.024981264051961,0.024981264051961,0,99.7751686235324
1,6,0.124859533025346,0.0499438132101386,0.0124859533025346,0,99.812710700462
2,5,0.0998377636340946,0.112317484088356,0.0124797204542618,0.0249594409085236,99.7504055909148
2,3,0.0624531601299026,0.024981264051961,0,0,99.9125655758181
2,2,0.199900049975012,0.312343828085957,0,0.0374812593703148,99.4502748625687
2,4,0.137482814648169,0.212473440819898,0,0.0374953130858643,99.6125484314461
2,1,0.187312687312687,0.024975024975025,0.0124875124875125,0,99.7752247752248
2,7,0.112345524903258,0.049931344401448,0,0.012482836100362,99.8252402945949
2,6,4.36304538067258,0.837604700587573,0,0.0250031253906738,94.7743467933492
3,3,6.3,0.9375,0.0125,0.0625,92.6875
3,2,6.42982236677508,1.16337252939705,0.125093820365274,0.0125093820365274,92.2692019014261
3,5,5.87130696044066,1.11417125688533,0.0125187781672509,0.0250375563345018,92.9769654481723
3,4,5.93093093093093,1.25125125125125,0.0625625625625626,0.025025025025025,92.7302302302302
3,1,5.87057203655026,1.11403179371636,0.0125172111653524,0.0500688446614094,92.9528101139066
3,7,5.56597873671044,1.11319574734209,0,0.0375234521575985,93.2833020637899
3,6,13.9569784892446,1.01300650325163,0.125062531265633,0,84.9049524762381
4,5,9.46115288220551,0.839598997493734,0.012531328320802,0.112781954887218,89.5739348370927
4,3,5.39258519535638,0.386967919111222,0.12482836100362,0,94.0956185245288
4,2,4.72145890582063,0.324756432675493,0.0874344241818636,0,94.866350237322
4,4,4.95371528646485,0.375281461095822,0.0125093820365274,0,94.6584938704028
4,1,5.09322988361907,0.350394193467651,0.0125140783381304,0,94.5438618445751
4,6,7.82815631262525,0.588677354709419,0.0250501002004008,0.0250501002004008,91.5330661322645
4,7,6.43106893106893,0.474525474525474,0.0124875124875125,0,93.0819180819181
5,3,43.8996865203762,1.51724137931034,0,0.0501567398119122,54.5329153605016
5,5,38.9105547867656,4.55403195370487,0.0125801987671405,0.96867530506982,55.5541577556925
5,2,43.4956804807813,1.52748215850757,0.0125203455615375,0.05008138224615,54.9142356329035
5,1,38.8260432378079,3.02916038210156,0,0.502765208647562,57.6420311714429
5,4,40.9735290427801,3.12382386149793,0,0.426546230084055,55.4761008656379
5,6,57.8987150415722,4.01864449483497,0.0251952632905014,0.566893424036281,37.4905517762661
5,7,47.2444889779559,1.50300601202405,0,0.062625250501002,51.189879759519
6,5,59.5720720720721,1.58908908908909,0,0.35035035035035,38.4884884884885
6,3,62.6030477142143,0.449662752935299,0.024981264051961,0.0749437921558831,36.8473644766425
6,2,60.865216304076,1.18779694923731,0.0250062515628907,0.250062515628907,37.6594148537134
6,1,58.1360390830515,2.10447200300639,0.0125266190655142,0.513591381686083,39.2333709131905
6,6,91.8438829121841,0.700525394045534,0,0.325243932949712,7.13034776082062
6,4,61.3286625797573,1.20105091955461,0.0250218941573877,0.237707994495183,37.2075566120355
6,7,62.4109931292942,0.374765771392879,0.0499687695190506,0.112429731417864,37.051842598376
7,5,56.2406015037594,1.77944862155388,0,0.538847117794486,41.4411027568922
7,3,59.0721003134796,1.78056426332288,0,0.413793103448276,38.7335423197492
7,2,54.7610086563794,2.22054949190817,0.0125454773554134,0.664910299836909,42.3409860745201
7,4,59.0584700137724,1.03918868160761,0,0.425691749092275,39.4766495555277
7,1,60.9027256814204,0.925231307826957,0,0.16254063515879,38.0095023755939
7,6,81.7646321594185,2.74470485023186,0,0.939967414462965,14.5506955758867
7,7,57.1159638554217,1.88253012048193,0.0125502008032129,0.589859437751004,40.3990963855422
8,5,58.8684441106521,2.06533984228314,0.0125172111653524,0.68844661409438,38.365252221805
8,3,62.0719820044989,0.774806298425394,0.0124968757810547,0.187453136715821,36.9532616845789
8,2,59.0863579474343,1.36420525657071,0,0.375469336670839,39.1739674593242
8,1,60.7259073842303,1.36420525657071,0.0125156445556946,0.262828535669587,37.6345431789737
8,4,59.181374389786,0.963825259732132,0,0.525722868944799,39.3165602703718
8,6,91.175,0.9125,0,0.35,7.5625
8,7,62.2766462576534,0.499812570286143,0.0124953142571536,0.0999625140572285,37.1110833437461
9,5,49.4286073088032,2.72510360416928,0,1.25580811252041,46.5904809745071
9,3,52.9419160170983,2.81619311038471,0,1.08121699773699,43.16067387478
9,2,59.8949868733592,0.8126015751969,0,0.337542192774097,38.9548693586698
9,4,56.5820727590949,2.02525315664458,0,0.600075009376172,40.7925990748844
9,1,55.3923414940364,1.64469554300063,0.263653483992467,0.841180163214062,41.8455743879473
9,6,77.6256281407035,3.41708542713568,0,1.30653266331658,17.6507537688442
9,7,58.6168084042021,1.38819409704852,0,0.425212606303152,39.5697848924462
10,5,60.9060192716806,1.13878112876987,0.412964585158303,0.250281566762608,37.2919534476286
10,3,58.609022556391,1.02756892230576,0.012531328320802,0.56390977443609,39.7744360902256
10,2,55.4010025062657,1.96741854636591,0.263157894736842,0.664160401002506,41.6917293233083
10,4,59.7522832478419,0.763167771800325,0.362817465282122,0.262729888652571,38.8590016264231
10,6,86.9140135372274,1.50413637503134,0,0.576585610428679,11.0052644773126
10,1,57.5169130543723,0.776747682285142,0.0501127536958156,0.45101478326234,41.2052117263844
10,7,55.483143251034,2.54417846847976,0.26319087604963,0.639177841834816,41.0577766637423
11,5,56.9710635099587,1.37792809720656,0.0125266190655142,0.588751096079168,41.0497306776901
11,3,58.9605510331872,1.25234815278647,0.175328741390106,0.463368816530996,39.1484032561052
11,2,60.5105105105105,1.35135135135135,0.187687687687688,0.337837837837838,37.6126126126126
11,4,61.577958672511,1.39010644959299,0.175328741390106,0.200375704445836,36.6562304320601
11,6,77.9686520376176,2.80877742946708,0.188087774294671,1.47962382445141,17.5548589341693
11,1,57.2394789579158,1.29008016032064,0,0.713927855711423,40.7565130260521
11,7,57.2537238703217,1.26423832770059,0.0250344223307047,0.575791713606209,40.8812116660408
12,5,59.3436873747495,0.513527054108216,0.0125250501002004,0.488476953907816,39.6417835671343
12,3,55.7141068969834,1.76492677431468,0,0.563274502440856,41.9576918262611
12,2,57.3251595145753,0.537970724383836,0,0.400350306518203,41.7365194545227
12,4,54.4349787020797,0.989726885492358,0,0.51365572538211,44.0616386870458
12,6,87.7362032286322,1.65185834063321,0,0.538105368539607,10.073833062195
12,1,55.1063829787234,1.06382978723404,0,0.750938673341677,43.0788485607009
12,7,61.431784107946,0.949525237381309,0,0.0999500249875062,37.5187406296852
13,5,29.6935584740463,0.737961225766104,0,0.200125078173859,69.3683552220138
13,3,25.611132004513,0.97781120722076,0.0125360411182149,0.476369562492165,72.9221511846559
13,2,37.5969962453066,1.47684605757196,0,0.625782227784731,60.3003754693367
13,4,12.7049693328326,0.550757291275504,0,0.325447490299161,86.4188258855927
13,6,52.5347352609839,1.21416948303918,0,0.337964701464514,45.9006133433471
13,1,37.9353545477324,0.826860435980957,0.0125281884239539,0.238035580055124,60.9872212478076
13,7,55.079544031066,0.526118000751597,0.0125266190655142,0.300638857572341,44.0811724915445
14,5,8.04655237141785,0.287823801776999,0,0.200225253410086,91.4528844950569
14,2,7.67883941970986,0.387693846923462,0,0.250125062531266,91.6833416708354
14,3,4.6,0.1125,0.0125,0.1,95.175
14,4,0.474940632420947,0.0874890638670166,0,0.0374953130858643,99.4000749906262
14,6,20.6188149818364,1.71614681197545,0,0.413378429161969,77.2516597770262
14,1,15.234521575985,0.250156347717323,0,0.16260162601626,84.3527204502814
14,7,28.1743050338092,1.17705985474581,0.0125219133483596,0.388179313799148,70.2479338842975
15,5,37.5125,2.4875,0,0.0375,59.9625
15,2,27.4578388507183,1.93628981886321,0.0124921923797626,0.0624609618988132,70.5309181761399
15,3,28.9983743903964,2.92609728648243,0,0.0125046892584719,68.0630236338627
15,6,37.5015677912956,14.3735105982692,0.0125423303649818,0.0125423303649818,48.0998369497053
15,1,30.3873636705528,1.74250971543187,0,0.0752162467092892,67.794910367306
15,4,21.9734867433717,2.53876938469235,0,0.0250125062531266,75.4627313656828
15,7,25.498307634449,2.1060549078601,0,0.175504575655008,72.2201328820359
16,5,31.0254163014899,13.6596970076374,0.0125203455615375,0.212845874546137,55.089520470765
16,2,17.9197994987469,1.00250626566416,0,0.087719298245614,80.9899749373434
16,3,29.276563677468,2.7128862094951,0.0125596583772921,0.288872142677719,67.7091183119819
16,6,34.0446899322119,7.65754456439869,0.0251067034898318,0.150640220938991,58.1220185789606
16,1,37.0077752696263,4.87835465262102,0,0.17557060446451,57.9382994732882
16,4,17.6920185440421,1.59127928830974,0.0375892745270016,0.0375892745270016,80.6415236185942
16,7,16.7961895211833,1.65455001253447,0,0.150413637503134,81.3988468287791
17,2,32.7797202797203,2.5974025974026,0.124875124875125,0,64.498001998002
17,5,39.5804719690348,26.6325383943064,0.124859533025346,0.0124859533025346,33.6496441503309
17,3,29.6402697976518,6.66999750187359,0.124906320259805,0.0124906320259805,63.5523357481889
17,6,47.6005998500375,1.81204698825294,0.0124968757810547,0.0124968757810547,50.5623594101475
17,4,32.962360885332,0.512692259597349,0.112542203326247,0,66.4124046517444
17,1,36.7665418227216,7.91510611735331,0.0374531835205993,0.0124843945068664,55.2684144818976
17,7,32.4912456228114,0.562781390695348,0.0250125062531266,0,66.9209604802401
18,5,61.3863863863864,2.45245245245245,1.67667667667668,0.0875875875875876,34.3968968968969
18,2,56.6396002498438,1.66146158650843,2.52342286071206,0.124921923797626,39.050593379138
18,3,49.7937757780277,2.18722659667542,2.39970003749531,0.0749906261717285,45.5443069616298
18,6,82.2397200349956,12.1859767529059,0,0.0124984376952881,5.5618047744032
18,4,34.2167770971371,0.975121890236279,1.73771721465183,0.0750093761720215,62.9953744218027
18,1,43.9929991248906,1.57519689961245,0.0125015626953369,0,54.4193024128016
18,7,33.3874594054459,0.911816137896578,0.0124906320259805,0.0499625281039221,65.6382712965276
19,5,32.0390781563126,3.75751503006012,1.25250501002004,0.125250501002004,62.8256513026052
19,2,1.4621344663834,0.312421894526368,0.0124968757810547,0.0124968757810547,98.2004498875281
19,3,4.9449173760641,3.38007010515774,0.0125187781672509,0.0751126690035053,91.5873810716074
19,6,37.0032491877031,13.7465633591602,0.137465633591602,0.137465633591602,48.9752561859535
19,4,4.325,3.475,0.0125,0.0875,92.1
19,1,17.8964482241121,2.65132566283142,0.0125062531265633,0.0750375187593797,79.3646823411706
19,7,6.1372745490982,3.48196392785571,0.112725450901804,0.137775551102204,90.1302605210421
20,5,26.1851015801354,2.65864058189115,0.0125407574617507,0.225733634311512,70.9179834462002
20,2,17.375,0.525,0.0125,0.025,82.0625
20,6,31.5452261306533,5.0251256281407,3.25376884422111,0.263819095477387,59.9120603015075
20,3,22.879016064257,1.48092369477912,0.0125502008032129,0.17570281124498,75.4518072289157
20,1,19.189392044033,1.45108831623718,0.0125093820365274,0.0500375281461096,79.2969727295472
20,4,24.2010276977065,1.8172703346284,0.0375986965785186,0.137861887454568,73.806241383632
20,7,20.8067142678191,4.04609795816109,2.6431166228235,0.150319428786171,72.3537517224101
21,5,42.994625671791,5.8742657167854,0.0124984376952881,0.0124984376952881,51.106111736033
21,2,51.2314039254907,4.70058757344668,0.0750093761720215,0,43.9929991248906
21,6,70.8270864567716,24.1504247876062,1.47426286856572,0.337331334332834,3.21089455272364
21,3,37.0971771171621,2.46065450911816,0.0124906320259805,0,60.4296777416937
21,1,31.3554028732042,3.54778263585259,0.0124921923797626,0.0249843847595253,65.0593379138039
21,4,32.416895776056,1.39965008747813,0.0124968757810547,0.0124968757810547,66.1584603849038
21,7,45.6328876671248,4.09846307634637,1.88679245283019,0.0749718855429214,48.3068849181557
22,5,8.04568846491779,1.38069536839463,0.0376553282289444,0.188276641144722,90.3476841973139
22,2,3.22540317539692,1.9627453431679,0,0.112514064258032,94.6993374171771
22,6,31.8524096385542,5.49698795180723,0.0376506024096386,0.200803212851406,62.4121485943775
22,3,7.69907058528008,1.56995729716152,0,0.138156242150214,90.5928158754082
22,1,9.52620334296846,7.05039587784341,2.71459092622848,0.213648359934649,80.495161493025
22,4,2.17772215269086,0.525657071339174,0,0.0500625782227785,97.2465581977472
22,7,4.74105579184388,9.71978984238179,0.0125093820365274,0.0750562922191644,85.4515886915186
23,5,41.8188641481111,4.90367775831874,0,0,53.2774580935702
23,2,36.0645484113085,6.26720040030022,0.212659494620966,0.0375281461095822,57.4180635476607
23,6,52.8103922058456,17.974019485386,0.0124906320259805,0.0624531601299026,29.1406445166125
23,3,36.4431122767578,4.82078181591108,0.0249781441238916,0.0374672161858374,58.6736605470214
23,1,38.8277930517371,5.47363159210197,0.0249937515621095,0.0124968757810547,55.6610847288178
23,4,36.0625,1.5125,0,0.025,62.4
23,7,25.9754877438719,4.52726363181591,0.0125062531265633,0.0250125062531266,69.4597298649325
24,5,22.2347771500314,4.45699937225361,2.4105461393597,0.251098556183302,70.646578782172
24,2,2.090112640801,0.475594493116396,2.02753441802253,0.0625782227784731,95.3441802252816
24,6,40.8281053952321,8.23086574654956,0.0125470514429109,0.150564617314931,50.7779171894605
24,3,5.77599196383727,1.51933701657459,2.00904068307383,0.125565042692115,90.5700652938222
24,4,1.93055033220509,0.702018302620033,1.9430863733233,0.0376081233546446,95.3867368684969
24,1,7.78014807378592,2.07052327770109,1.83209938511733,0.125486259254612,88.191743004141
24,7,2.52594723021133,4.32662248343129,0,0.0625234462923596,93.084906840065
25,5,33.9513906289151,8.33124530192934,1.99198195940867,0.28814833375094,55.437233775996
25,2,27.7173233270794,4.34021263289556,2.46404002501563,0.0250156347717323,65.4534083802376
25,6,45.9662288930582,4.75297060662914,0.137585991244528,0.112570356472795,49.0306441525954
25,3,29.8449612403101,3.37584396099025,1.73793448362091,0.0625156289072268,64.9787446861715
25,1,30.5360721442886,4.53406813627254,1.60320641282565,0.0501002004008016,63.2765531062124
25,4,30.6691682301438,1.27579737335835,1.21325828642902,0.0250156347717323,66.8167604752971
25,7,26.7593288254445,5.48459804658152,0.0250438266967193,0.0375657400450789,67.6934635612322
26,5,31.8397997496871,5.78222778473091,0.763454317897372,0.187734668335419,61.4267834793492
26,2,11.7308654327164,2.27613806903452,0,0.0125062531265633,85.9804902451226
26,6,54.6945418127191,8.50025037556335,0.250375563345018,0.13770655983976,36.4171256885328
26,3,7.63263263263263,2.12712712712713,0.025025025025025,0.0750750750750751,90.1401401401401
26,1,13.1098323742807,6.20465349011759,0.400300225168877,0.0250187640730548,80.2601951463598
26,4,6.34146341463415,1.12570356472795,0.0125078173858662,0.0125078173858662,92.5078173858662
26,7,4.30376579507069,0.675591142249468,0.0125109470786939,0.0500437883147754,94.9580883272864
27,5,30.0752823086575,12.0075282308657,4.70514429109159,0.351317440401506,52.8607277289837
27,2,21.2640801001252,4.90613266583229,3.80475594493116,0.150187734668335,69.8748435544431
27,6,37.2709013306553,4.30579964850615,1.94576952046196,0.125533517449159,56.3519959829274
27,3,27.0984715610123,3.28238536707592,3.58306188925081,0.22550739163117,65.8105737910298
27,1,25.4702784048157,8.90393779784299,3.07248557812892,0.17557060446451,62.3777276147479
27,4,25.4073702682377,1.52920531461519,2.98320381047882,0.0752068187515668,70.0050137879168
27,7,26.5572126832936,4.09825792705853,3.92279734302544,0.150394786314074,65.2713372603083
28,5,34.4180225281602,5.00625782227785,0.613266583229036,0.100125156445557,59.8623279098874
28,6,61.7599198898485,9.87607960946301,3.57992239329077,0.325447490299161,24.4586306170985
28,2,19.2100987376578,4.43694538182727,0.812398450193726,0.0249968753905762,75.5155605549306
28,3,13.8802050769038,2.12579717394023,0.0125046892584719,0.0250093785169439,83.9564836813805
28,1,22.6726726726727,3.85385385385385,0.500500500500501,0.0875875875875876,72.8853853853854
28,4,8.73313343328336,0.899550224887556,0.0249875062468766,0,90.3423288355822
28,7,6.88274308597172,1.91465398573395,0.0250281566762608,0.0250281566762608,91.1525466149418
29,5,28.8644322161081,4.57728864432216,0.0125062531265633,0.150075037518759,66.3956978489245
29,6,40.0150526843954,4.86703462117411,0.614651279478174,0.313597591570497,54.1896638233818
29,2,25.0219160926738,5.03443957420163,0.0125234815278647,0.0375704445835942,69.8935504070132
29,3,26.6374452097683,4.5460237946149,0.914214151534126,0.137758296806512,67.7645585472761
29,1,31.5604616156548,3.4746613146011,0.0125439036628199,0.137982940291019,64.8143502257903
29,4,26.7117286268619,1.63975466266116,2.27813243209413,0.175240956314933,69.1951433220678
29,7,28.2195548887222,9.26481620405101,0.18754688672168,0.262565641410353,62.0655163790948
30,5,33.3542477098758,5.28297151461915,5.10729075166269,0.150583511105534,56.1049065127369
30,6,59.3937875751503,8.78006012024048,3.98296593186373,0.513527054108216,27.3296593186373
30,2,14.5038167938931,2.86572393943186,4.70529345513703,0.0375422350143912,77.8876235765236
30,3,12.1917636750532,3.39216422581049,3.37964701464514,0.0625860558267618,80.9738390286644
30,1,12.4655819774718,2.5531914893617,4.28035043804756,0.0750938673341677,80.6257822277847
30,4,14.5987229247527,1.96569425316139,1.92813321647677,0.0375610366846125,81.4698885689245
30,7,5.14328619697159,1.5642597922663,3.05343511450382,0.0875985483669128,90.1514203478914
31,5,20.7518796992481,4.23558897243108,0.614035087719298,0.150375939849624,74.2481203007519
31,6,25.9877085162423,7.65082152263891,0.0752539821898909,0.188134955474727,66.0980810234542
31,2,20.7034672674928,3.34209538114908,1.03892852672425,0.150206533984228,74.7653022906496
31,1,19.9046184738956,1.83232931726908,1.05421686746988,0.112951807228916,77.0958835341365
31,3,22.9582235604065,2.33345878810689,2.14527662777569,0.188182160331201,72.3748588633798
31,4,21.7565369698486,2.25197047416489,0.0125109470786939,0.087576629550857,75.8914049793569
31,7,21.5965965965966,3.37837837837838,0.025025025025025,0.1001001001001,74.8998998998999
32,5,40.1552134184504,6.53398422831393,5.26974590061334,0.175240956314933,47.8658154963074
32,6,69.05,12.05,4.15,0.4125,14.3375
32,2,16.2314132200425,3.17380982131701,3.498687992003,0.0999625140572285,76.9961264525803
32,1,22.4084031511817,3.55133174940603,3.22620982868576,0.0500187570338877,70.7640365136926
32,3,16.5832916458229,2.81390695347674,1.30065032516258,0.0500250125062531,79.2521260630315
32,4,11.6631210111375,2.70304092103617,3.17857589788512,0,82.4552621699412
32,7,8.175,2.55,2.75,0.0125,86.5125
33,5,20.596715557227,2.4445280180519,0.526513726965024,0.200576657891438,76.2316660398646
33,6,32.0180949987434,5.30283990952501,0.0753958280975119,0.226187484292536,62.3774817793415
33,2,16.4705882352941,1.45181476846058,0,0.100125156445557,81.9774718397997
33,1,19.4684718565877,1.69236555095901,0.0250720822364297,0.0877522878275041,78.7263382223894
33,3,20.0777039729289,3.99799473618248,0,0.175460584033087,75.7488407068555
33,4,19.0923906230412,1.67982950984079,0.614266014792529,0.213112699009653,78.4004011533158
33,7,19.1590539356776,3.56651232636716,0.675760230259041,0.125140783381304,76.4735327243149
34,5,43.480980980981,2.91541541541542,4.82982982982983,0.175175175175175,48.5985985985986
34,1,23.8602204408818,1.67835671342685,2.27955911823647,0,72.1818637274549
34,6,77.7444361090273,4.65116279069767,4.16354088522131,0.400100025006252,13.0407601900475
34,2,24.4555694618273,1.67709637046308,2.090112640801,0,71.7772215269086
34,3,19.739967495937,1.43767970996375,3.67545943242905,0.0375046880860107,75.1093886735842
34,4,19.8223000875985,1.57677387060443,2.69052684269804,0.0500563133525216,75.8603428857465
34,7,11.5307653826913,1.17558779389695,3.27663831915958,0.0125062531265633,84.0045022511256
35,5,23.8560862479629,2.00576657891438,0.526513726965024,0.175504575655008,73.4361288705027
35,2,18.0908294757913,3.00262729888653,2.87751782809959,0.112598523708245,75.9164268735143
35,6,33.5679276109086,4.22269699635541,0.728917933894684,0.276486112856604,61.2039713459847
35,1,20.8610518388352,2.77394251286557,2.30952679804192,0.138069536839463,73.9174093134178
35,3,25.7063920632927,3.50370463393194,0.389300514881326,0.251161622504081,70.1494411653899
35,4,19.1270538065973,2.03185751912705,0.0125423303649818,0.0627116518249091,78.7658346920858
35,7,19.8295312108298,4.07370268237654,1.39132614690399,0.137879167711206,74.5675607921785
36,5,38.0964308077646,6.23669380087664,5.12210394489668,0.100187852222918,50.4445835942392
36,6,70.4653490117588,10.4078058543908,4.19064298223668,0.425318989241931,14.5108831623718
36,2,20.1776332249187,3.87790843132349,3.59019264448336,0.0250187640730548,72.3292469352014
36,1,20.5875,3.4875,3.575,0.0125,72.3375
36,3,18.0942853570089,3.38877078904589,4.06402400900338,0.0750281355508316,74.377891709391
36,4,14.822233350025,2.95443164747121,3.06710065097646,0,79.1562343515273
36,7,12.235970503687,3.53705786776653,1.87476565429321,0.0374953130858643,82.3147106611674
37,5,22.8772105857268,2.13219616204691,0.363727580584473,0.238304276934654,74.3885613947071
37,6,27.6109086339073,2.81513133090361,1.35729546311424,0.175945708181475,68.0407188638934
37,2,15.7091000125172,1.45199649518087,0.938790837401427,0.0500688446614094,81.8500438102391
37,1,20.5050885789672,2.06056037190602,0.753863550697324,0.125643925116221,76.5548435733132
37,3,20.9871891484552,3.6674202461693,0.0125596583772921,0.138156242150214,75.194674704848
37,7,20.6758448060075,2.12765957446809,0.0250312891113892,0.175219023779725,76.9962453066333
37,4,16.1843918326444,1.35287485907554,0.112739571589628,0.0876863334585995,82.2623074032319
38,5,40.3423288355822,2.32383808095952,0,0,57.3338330834583
38,6,80.4878048780488,4.11507191994997,0.0250156347717323,0.0625390869293308,15.3095684803002
38,2,24.0074906367041,1.97253433208489,0.0249687890137328,0,73.9950062421972
38,1,25.1499250374813,1.72413793103448,0.0249875062468766,0.0124937531234383,73.0884557721139
38,7,11.3056528264132,1.02551275637819,0,0.0250125062531266,87.6438219109555
38,3,20.6069689022106,1.42375421506182,0.0124890720619458,0,77.9567878106657
38,4,17.0058683980522,1.08627793732051,0.0124859533025346,0.0124859533025346,81.8828817580222
39,6,29.2127766599598,4.5648893360161,0,0.238933601609658,65.9834004024145
39,5,22.5798371947401,1.89104571070758,0,0.162805259862242,75.36631183469
39,2,18.5324317555723,2.7923866766842,0,0.112697220135237,78.5624843476083
39,1,15.9159159159159,0.738238238238238,0,0.025025025025025,83.3208208208208
39,3,24.6353118712274,4.16247484909457,0.0251509054325956,0.264084507042254,70.9129778672032
39,7,18.2774161241863,3.27991987981973,0.0250375563345018,0.100150225338007,78.3174762143215
39,4,20.1028342111864,2.21971407072987,0.0125407574617507,0.125407574617507,77.5395033860045
40,6,65.9707463432929,11.8889861232654,0.662582822852857,0.100012501562695,21.3776722090261
40,5,36.455727863932,5.85292646323162,0.0500250125062531,0.0250125062531266,57.616308154077
40,2,22.376311844078,3.98550724637681,0.0124937531234383,0.0249875062468766,73.6006996501749
40,1,22.1916781207047,3.48619267774585,0.0499812570286143,0.0374859427714607,74.2346620017493
40,3,19.5222611305653,7.72886443221611,0.0125062531265633,0.0250125062531266,72.7113556778389
40,7,11.9875,3.1625,0.0125,0.0125,84.825
40,4,15.7375,3.4625,0.0375,0.0125,80.75
41,6,28.6827551533434,2.47611865258924,0.289089994972348,0.26395173453997,68.2880844645551
41,5,19.1950852557673,1.86810431293882,0.0125376128385155,0.175526579739218,78.7487462387162
41,2,15.4000250406911,1.32715662952297,0.0125203455615375,0.05008138224615,83.2102166019782
41,1,20.9746294900779,2.28585782466717,0,0.0753579502637528,76.6641547349912
41,3,15.830309097735,1.33900638217995,0.0125140783381304,0.0500563133525216,82.7681141283944
41,7,17.3972945891784,1.64078156312625,0.0125250501002004,0.0751503006012024,80.874248496994
41,4,17.3079333249781,1.47888206542173,0.0125328988595062,0.0751973931570372,81.1254543175837
42,6,77.3403324584427,4.73690788651419,3.94950631171104,0.362454693163355,13.6107986501687
42,5,43.248997995992,2.76803607214429,5.42334669338677,0.112725450901804,48.4468937875751
42,1,22.0650813516896,1.81476846057572,5.29411764705882,0.100125156445557,70.7259073842303
42,2,22.8028503562945,1.75021877734717,4.02550318789849,0.0500062507813477,71.3714214276785
42,3,20.3031062124249,1.49048096192385,2.50501002004008,0.0125250501002004,75.688877755511
42,7,12.423370449143,1.2135618666333,3.29037908169648,0,83.0726886025272
42,4,17.6235146966854,1.31332082551595,3.364602876798,0.150093808630394,77.5484677923702
43,6,24.9716231555051,2.69895320973641,5.17089166351368,0.277462479505612,66.8810694917392
43,5,17.0642893018584,1.94625816172777,0.125565042692115,0.138121546961326,80.7257659467604
43,2,16.5102015270998,1.92765051946426,0.0125172111653524,0.137689322818876,81.4119414194518
43,1,15.840963250972,1.68067226890756,0.0125423303649818,0.0752539821898909,82.3905681675655
43,3,23.0759573132454,2.84996861268048,1.60703075957313,0.188323917137476,72.2787193973635
43,4,14.5274504888443,1.3537227375282,0.0125344697919278,0.0250689395838556,84.0812233642517
43,7,19.8298511197298,2.75240835731265,0.0250218941573877,0.225197047416489,77.1675215813837
44,5,44.045534150613,2.52689517137853,0.0125093820365274,0,53.415061295972
44,6,80.2651325662831,4.36468234117059,0.0250125062531266,0.0375187593796898,15.3076538269135
44,2,25.0405894842013,1.46122143124766,0.0124890720619458,0,73.4857000124891
44,1,25.2063015753938,1.78794698674669,0.0250062515628907,0,72.9807451862966
44,3,25.3281660207526,1.48768596074509,0.0125015626953369,0,73.171646455807
44,4,20.247623811906,1.47573786893447,0.0250125062531266,0,78.2516258129065
44,7,13.4324628264401,1.01212045482944,0.0124953142571536,0.0124953142571536,85.5304260902162
45,5,18.8276641144722,1.63173088992092,0.0251035521526296,0.150621312915778,79.3648801305385
45,6,22.4525694182686,1.49516270888303,0,0.238723457720819,75.8135444151275
45,2,12.1902377972466,1.00125156445557,0.0250312891113892,0.0625782227784731,86.720901126408
45,1,14.3789209535759,0.966122961104141,0,0.188205771643664,84.4667503136763
45,4,11.9470132466883,0.837290677330667,0,0.0999750062484379,87.1157210697326
45,3,16.9903520862047,1.75416614459341,0.0125297581756672,0.162886856283674,81.0800651547425
45,7,15.734704112337,2.03109327983952,0,0.137913741223671,82.0962888665998
46,5,43.6640839790052,2.84928767808048,0.0124968757810547,0.0124968757810547,53.4616345913522
46,6,80.6274215723035,4.23697037870266,0.0249968753905762,0.0249968753905762,15.0856142982127
46,2,26.7966504186977,1.63729533808274,0.0124984376952881,0.0249968753905762,71.5285589301337
46,1,27.5327920049969,1.93628981886321,0.0499687695190506,0,70.4809494066209
46,4,21.5892053973013,1.37431284357821,0.0499750124937531,0.0249875062468766,76.9615192403798
46,3,25.4247876061969,1.52423788105947,0.0124937531234383,0,73.0384807596202
46,7,16.31480324797,2.64834478450968,0.0249843847595253,0,81.0118675827608
47,5,14.9611236518686,1.41710559317783,0.0250815149235014,0.112866817155756,83.4838224228743
47,6,22.3365541473209,2.07052327770109,0,0.225875266658301,75.3670473083197
47,2,11.8052078117176,1.32699048572859,0.0125187781672509,0.0751126690035053,86.7801702553831
47,1,18.6793873964348,2.61109716294251,0.0251067034898318,0.138086869194075,78.5463218679387
47,4,14.5363408521303,1.29072681704261,0.012531328320802,0.12531328320802,84.0350877192982
47,3,14.2247332077841,1.38104205900816,0,0.112994350282486,84.2812303829253
47,7,16.6792074241284,1.91873589164786,0,0.137948332079258,81.2641083521445
48,5,42.2288855572214,2.76111944027986,0.0124937531234383,0,54.9975012493753
48,6,80.5548612846788,4.34891277180705,0.0124968757810547,0.0249937515621095,15.058735316171
48,2,30.7634637011121,1.9117830813445,0.0124953142571536,0.0124953142571536,67.2997625890291
48,1,25.9217597800275,1.87476565429321,0.0124984376952881,0,72.190976127984
48,4,23.7470316210474,1.5748031496063,0.0124984376952881,0,74.665666791651
48,3,25.4370629370629,1.46103896103896,0,0.0124875124875125,73.0894105894106
48,7,15.6691240784706,1.06210171185805,0.0124953142571536,0,83.2562788954142
49,5,14.7036664992466,1.95881466599699,0.0125565042692115,0.238573581115018,83.0863887493722
49,6,18.3373160608728,3.14425858382593,0,0.264117721041378,78.2543076342598
49,2,10.3569192235441,1.26487163431434,0,0.112711333750783,88.2654978083907
49,1,6.46977850081342,0.563133525215868,0.0125140783381304,0.0250281566762608,92.9295457389563
49,7,10.2528793189785,1.30195292939409,0.0250375563345018,0.125187781672509,88.2949424136204
49,4,8.16428750313048,0.788880540946657,0.0250438266967193,0.0626095667417981,90.9591785624844
49,3,15.2542372881356,1.93345888261142,0.0251098556183302,0.188323917137476,82.586315128688
50,5,50.2810041213938,2.66017234919445,0.0249781441238916,0.0124890720619458,47.0213563132259
50,2,30.1488058021758,1.86319869951232,0.0125046892584719,0,67.9754908090534
50,6,82.7521559805024,5.73678290213723,0,0.0124984376952881,11.498562679665
50,7,20.3349581302337,1.33733283339583,0.0374953130858643,0.0124984376952881,78.2777152855893
50,1,32.7179743046027,2.17038792565798,0.174628913558688,0.0249469876512411,64.9120618685294
50,4,27.8715160604924,1.64979377577803,0.0124984376952881,0,70.4661917260342
50,3,27.7451592754528,1.76139912554653,0.199875078076202,0.0124921923797626,70.2810743285447
51,5,15.9487630290092,1.5446439784001,0.138138892377245,0.150696973502449,82.217757126711
51,2,12.5610519724483,1.62805259862242,0.137758296806512,0.0876643706950532,85.5854727614277
51,6,20.3640929064658,1.92090395480226,0.188323917137476,0.112994350282486,77.413684871312
51,7,12.9448621553885,1.57894736842105,0.538847117794486,0.087719298245614,84.8370927318296
51,3,15.350766909731,2.07442796077445,4.8780487804878,0.276590394769927,77.4201659542369
51,4,12.019531739076,1.15187179166145,0.162764492299987,0.0876424189307625,86.5781895580318
51,1,16.423724553908,2.28700678562453,0.427243025885901,0.226187484292536,80.635838150289
52,5,46.6633279078503,3.39301364717666,7.16163766119945,0.175284837861525,42.6067359459121
52,2,28.5553611597101,2.01199700074981,0.562359410147463,0,68.8702824293926
52,6,81.0601325165646,4.68808601075134,0.875109388673584,0.0375046880860107,13.3391673959245
52,7,16.9625,1.3625,4.425,0.0875,77.1625
52,3,29.1442848219863,1.63647720174891,0.399750156152405,0.0374765771392879,68.7820112429731
52,4,25.7539732198724,1.96471029908647,1.9772243774246,0,70.3040921036166
52,1,34.9486601552717,2.36664162283997,5.07137490608565,0.187828700225394,57.4254946155773
53,5,17.6307847082495,1.96177062374245,0.238933601609658,0.238933601609658,79.9295774647887
53,2,11.6209101165852,1.54193305754043,4.14942961012912,0.112824370063934,82.5749028456813
53,6,16.1249843142176,1.79445350734095,5.75981929978667,0.21332664073284,76.107416237922
53,7,13.5799373040752,1.64263322884013,0.0125391849529781,0.0752351097178683,84.6896551724138
53,3,18.8420390182505,2.56765261170547,0.0251730648206419,0.289490245437382,78.275645059786
53,4,8.21952136323769,0.7643152487157,0.714196216013031,0.100238065405338,90.2017291066282
53,1,7.89836024533734,0.463136813118037,0.0125172111653524,0.0375516334960571,91.5884340968832
54,5,48.3556333625109,2.7635363261223,0.125046892584719,0.0125046892584719,48.7432787295236
54,6,81.5421144713821,4.33641589602599,0,0.0374906273431642,14.0839790052487
54,2,30.2125,1.8125,0.1,0.025,67.85
54,7,17.3021627703463,1.21265158144768,0.0750093761720215,0.0125015626953369,81.3976747093387
54,3,25.684289463817,1.48731408573928,0.0499937507811524,0,72.7784026996625
54,4,28.6946736684171,1.75043760940235,0.0875218804701175,0,69.4673668417104
54,1,31.2937062937063,1.98551448551449,0.0999000999000999,0.0124875124875125,66.6083916083916
55,5,16.6373902132999,1.75658720200753,0.0250941028858218,0.213299874529486,81.3676286072773
55,2,15.0889055847734,2.21637866265965,0.0125219133483596,0.100175306786877,82.5820185324318
55,6,24.8585439456809,2.5273481705017,0.0125738714950333,0.314346787375833,72.2871872249466
55,7,13.7736558465973,2.6319087604963,0.0501315954380248,0.0751973931570372,83.4691064043113
55,3,19.5033237175467,2.28270412642669,0.0125423303649818,0.250846607299636,77.950583218362
55,4,10.5994243523964,0.513077211863346,0.0125140783381304,0.0250281566762608,88.8499562007258
55,1,14.6295599849568,1.21599598846684,0.0125360411182149,0.0752162467092892,84.0666917387489
56,2,27.0692673168292,1.6254063515879,0.0250062515628907,0,71.28032008002
56,5,44.3570536828964,2.62172284644195,0.0124843945068664,0.0124843945068664,52.9962546816479
56,6,83.6497626779915,4.17187109667749,0,0.0874344241818636,12.0909318011491
56,7,13.8857642794651,1.09986251718535,0.0124984376952881,0,85.0018747656543
56,3,29.2816989381636,1.92379762648345,0.0249843847595253,0.0249843847595253,68.7445346658339
56,4,24.1004497751124,1.48675662168916,0,0.0249875062468766,74.3878060969515
56,1,26.2342207224097,1.84976877890264,0.0249968753905762,0,71.8910136232971
57,5,17.2444109520221,1.58251695553881,0.0125596583772921,0.213514192413966,80.9469982416478
57,2,10.6731731731732,1.16366366366366,0,0.0625625625625626,88.1006006006006
57,6,22.0002512878502,2.08568915692926,0.0251287850232441,0.201030280185953,75.6879004900113
57,7,16.7334669338677,1.86623246492986,0.0125250501002004,0.200400801603206,81.187374749499
57,3,16.9153605015674,1.85579937304075,0.0125391849529781,0.250783699059561,80.9655172413793
57,4,12.7835568366963,1.24075698709111,0.0125328988595062,0.125328988595062,85.837824288758
57,1,14.5023815492605,1.11556781148157,0.0125344697919278,0.0877412885434946,84.2817748809225
58,5,46.1884528867783,2.7618095476131,0,0.0124968757810547,51.0372406898275
58,2,28.046953046953,1.78571428571429,0.0749250749250749,0,70.0924075924076
58,6,84.575,4,0,0.0125,11.4125
58,7,14.9712571857036,1.13721569607598,0.0124968757810547,0.0124968757810547,83.8665333666583
58,3,27.5702685821362,1.61149281698938,0.0124921923797626,0,70.8057464084947
58,4,27.9430142464384,1.62459385153712,0.0249937515621095,0,70.4073981504624
58,1,30.531968031968,1.998001998002,0.04995004995005,0.0124875124875125,67.4075924075924
59,2,2.28978978978979,0.700700700700701,0.0125125125125125,0.0375375375375375,96.9594594594595
59,5,12.0869455961804,2.32441261465008,0.0251287850232441,0.301545420278929,85.2619675838673
59,6,12.8655704782227,2.47269988703402,0.0125517760763148,0.3388979540605,84.3102799046065
59,7,2.01552328492739,0.588382573860791,0.0125187781672509,0.0375563345017526,97.3460190285428
59,3,11.4608150470219,2.25705329153605,0.0250783699059561,0.200626959247649,86.0564263322884
59,4,1.86599874765185,0.726361928616155,0.0125234815278647,0.0751408891671885,97.3199749530369
59,1,0.275309723438869,0.450506820172694,0.0125140783381304,0.0125140783381304,99.2491552997122
60,2,35.3,2.4,0.025,0,62.275
60,5,54.8713464901324,2.74793904571571,0.0124906320259805,0.024981264051961,42.3432425680739
60,6,82.9667583104224,3.77405648587853,0.262434391402149,0.0499875031242189,12.9467633091727
60,7,23.732200849363,1.88608543592306,0.162378216337747,0.024981264051961,74.1943542343243
60,3,34.6288427893027,2.06198450387403,0.149962509372657,0.0249937515621095,63.1342164458885
60,4,39.3602399100337,2.02424090965888,0.0249906285143071,0.0249906285143071,58.5655379232788
60,1,38.7028242939265,2.12446888277931,0.212446888277931,0.0499875031242189,58.910272431892
61,2,2.46404002501563,0.662914321450907,0.0250156347717323,0.100062539086929,96.7479674796748
61,5,6.3502004008016,1.60320641282565,0.162825651302605,0.125250501002004,91.7585170340681
61,6,27.7833500501505,3.49799398194584,2.40722166499499,0.275827482447342,66.0356068204614
61,7,4.39201907391141,1.11682770736604,2.96147571840883,0.100389007403689,91.42928849291
61,3,4.22464585683841,1.30374827629435,3.48501943086373,0.137896452300364,90.8486899837032
61,4,3.95841162470249,1.17750219215834,0.137792809720656,0.150319428786171,94.5759739446323
61,1,8.92296091491768,2.70202337564409,2.27472665577479,0.213648359934649,85.8866406937288
62,6,63.7024048096192,2.91833667334669,4.88476953907816,0.175350701402806,28.3191382765531
62,2,36.8993993993994,2.36486486486486,0.162662662662663,0,60.5730730730731
62,5,42.4755455229496,2.35766240280913,5.22949586155004,0.0501630298470028,49.8871331828442
62,7,24.7029393370857,2.02626641651032,3.77736085053158,0.0625390869293308,69.4308943089431
62,3,34.1,2.1125,0.075,0.0125,63.7
62,4,36.8447391467534,2.08932816214187,4.21618916551983,0.150131364944326,56.6996121606406
62,1,37.8601854171887,2.24254572788775,3.84615384615385,0.100225507391631,55.9508895013781
63,6,38.698328935796,3.60598065083553,0.125643925116221,0.125643925116221,57.4444025631361
63,2,4.08777429467085,1.0282131661442,2.60815047021944,0.0877742946708464,92.1880877742947
63,5,23.9422473320778,2.87507846829881,0.0125549278091651,0.100439422473321,73.0696798493409
63,7,4.66891976467643,1.01389410439354,0.0125172111653524,0.100137689322819,94.2045312304419
63,3,7.71740494415861,1.76935625549002,0.0250972518509223,0.238423892583762,90.2497176559167
63,4,2.96657904618851,0.751032669921142,0.0125172111653524,0.0751032669921142,96.1947678057329
63,1,11.283851554664,1.90571715145436,0.0125376128385155,0.100300902708124,86.697592778335
64,6,59.3156843156843,2.70979020979021,0.0624375624375624,0.0749250749250749,37.8371628371628
64,5,39.8326255308519,2.39820134898826,0.124906320259805,0.024981264051961,57.6192855358481
64,2,38.2481569411471,2.72397850805948,2.51155816568787,0.0374859427714607,56.4788204423341
64,7,24.1034612020492,1.79932525303011,0,0.0249906285143071,74.0722229164063
64,3,32.7215980024969,2.30961298377029,0.0499375780274657,0.0124843945068664,64.9063670411985
64,4,35.2573713143428,2.14892553723138,0.087456271864068,0.0249875062468766,62.4812593703148
64,1,31.3360020015011,2.11408556417313,0.0750562922191644,0.0125093820365274,66.46234676007
65,5,24.0130342148139,1.98019801980198,0.0125328988595062,0.125328988595062,73.8689058779296
65,2,4.00450506820173,0.588161681892129,0.0125140783381304,0.0750844700287824,95.3197347015392
65,6,54.9755301794454,3.81478228134019,0,0.175680762956456,41.034006776258
65,7,3.54015511633725,0.725544158118589,0.0250187640730548,0.100075056292219,95.6092069051789
65,3,4.35435435435435,1.16366366366366,0.0125125125125125,0.175175175175175,94.2942942942943
65,4,2.01703833625658,0.51365572538211,0.0125281884239539,0.0375845652718617,97.4191931846655
65,1,6.28993860418494,0.914672346823706,0.0375892745270016,0.0626487908783361,92.695150983586
66,6,45.7278877474317,2.86895514908544,0.0125281884239539,0.187922826359308,51.2027060886996
66,5,29.8647633358377,1.94089656899574,0.0125219133483596,0.0751314800901578,68.106686701728
66,2,29.7125,2.175,0.025,0.0375,68.05
66,7,26.3717035370579,2.0997375328084,0.0249968753905762,0.0124984376952881,71.4910636170479
66,3,29.2734775540828,1.9132174565462,0.0375140677754158,0.0750281355508316,68.7007627860448
66,4,27.9625,1.4375,0.025,0.0125,70.5625
66,1,26.10436741334,1.71442873232386,0.0250281566762608,0.0375422350143912,72.1186334626455
67,6,61.9089316987741,3.96547410557918,0,0.212659494620966,33.9129347010258
67,5,36.7242242242242,2.54004004004004,0.0125125125125125,0.112612612612613,60.6106106106106
67,2,13.8517314664333,1.22515314414302,0.0125015626953369,0.100012501562695,84.8106013251656
67,7,3.07615355758409,0.575215705889709,0.0125046892584719,0.112542203326247,96.2235838439415
67,3,12.8115216030056,1.72824045084534,0.0250469630557295,0.137758296806512,85.2974326862868
67,4,7.78180908294758,0.900788189665958,0,0.0250218941573877,91.2923808332291
