moment,node,user,system,iowait,softirq,idle
1,2,0.18738288569644,0.0249843847595253,0,0,99.787632729544
1,3,0.212287712287712,0.0374625374625375,0.024975024975025,0,99.7252747252747
1,4,0.187359480389708,0.024981264051961,0.0499625281039221,0,99.7376967274544
1,1,0.14986886474335,0.0124890720619458,0.0499562882477832,0,99.7876857749469
1,5,0.0874235044336206,0.0374672161858374,0.0374672161858374,0,99.8376420631947
1,7,0.137396952285786,0.024981264051961,0,0,99.8376217836623
1,6,0.124890720619458,0.0249781441238916,0.0499562882477832,0,99.8001748470089
2,4,4.4283212409307,1.08831623717788,0,0.0375281461095822,94.4458343757818
2,2,0.137362637362637,0.237262737262737,0.024975024975025,0.024975024975025,99.5754245754246
2,3,0.0999375390381012,0.112429731417864,0,0,99.787632729544
2,1,0.0624375624375624,0.0624375624375624,0,0,99.8751248751249
2,5,0.137431284357821,0.087456271864068,0,0,99.7751124437781
2,7,0.237203495630462,0.0749063670411985,0,0,99.6878901373283
2,6,0.124906320259805,0.0374718960779415,0.0124906320259805,0,99.8251311516363
3,4,12.1276595744681,0.913642052565707,0.0125156445556946,0,86.9461827284105
3,1,6.17654413603401,1.08777194298575,0,0.0500125031257814,92.6856714178545
3,2,6.31565782891446,1.20060030015008,0,0,92.4837418709355
3,3,6.20077509688711,1.150143767971,0.0125015626953369,0.0375046880860107,92.5990748843605
3,5,6.44516612540595,1.14913814639021,0.0124906320259805,0.024981264051961,92.3682238321259
3,7,12.711122231953,1.91417490304016,0.112598523708245,0.0500437883147754,85.2120605529839
3,6,6.16018992877671,1.14956891165813,0.0124953142571536,0.0749718855429214,92.6027739597651
4,4,4.33203956429197,0.325528984599975,0.025040691123075,0,95.317390759985
4,1,5.11988011988012,0.412087912087912,0.112387612387612,0,94.3556443556444
4,2,4.70720439505556,0.324634785865901,0.0249719066050693,0,94.9431889124735
4,3,4.93873468367092,0.300075018754689,0.0125031257814454,0,94.748687171793
4,7,10.2313946216385,0.875547217010632,0.0375234521575985,0.0250156347717323,88.8305190744215
4,5,4.51024487756122,0.324837581209395,0.0249875062468766,0,95.1399300349825
4,6,5.52009012392039,0.388033546125923,0.137689322818876,0.0125172111653524,93.9416697959695
5,4,49.8243853487205,8.98143502257903,0,0.0376317109884596,41.156547917712
5,1,47.5393454908818,7.59430427179615,0.024981264051961,0.024981264051961,44.8163877092181
5,3,44.6582531550669,10.9583906035237,0,0.0999625140572285,44.2833937273522
5,2,44.5141065830721,9.70532915360502,0,0.0501567398119122,45.730407523511
5,5,38.013013013013,6.99449449449449,0.0125125125125125,0.025025025025025,54.9424424424424
5,7,47.3895079504194,21.0467008889445,0,0.0626017278076875,31.5011894328283
5,6,44.9117536612843,10.7147327575416,0,0.0375516334960571,44.3359619476781
6,4,74.5034353529044,19.1505309181761,0,0.0749531542785759,6.27108057464085
6,3,73.8157730283715,23.0221222347207,0,0.0249968753905762,3.13710786151731
6,2,74.2903588845817,19.9574840565212,0,0.0250093785169439,5.72714768038014
6,1,56.7395377888819,15.6152404747033,0,0.0124921923797626,27.632729544035
6,5,54.9381945311525,14.8707703833188,0.0124859533025346,0,30.1785491322262
6,7,67.1707073231692,22.1819545113722,0.0124968757810547,0.0374906273431642,10.5973506623344
6,6,73.1692076980755,21.6195951012247,0,0.0124968757810547,5.19870032491877
7,4,58.0237648530331,16.6729205753596,0,0.075046904315197,25.2282676672921
7,1,6.28907226806702,0.950237559389847,0.0125031257814454,0.0500125031257814,92.6981745436359
7,3,37.1825347178781,11.4350056299262,0,0.0375328412360816,51.3449268109596
7,2,51.0688836104513,13.3141642705338,0,0.0250031253906738,35.5919489936242
7,5,4.15363443012636,0.613036406855999,0.0125109470786939,0.0375328412360816,95.1832853747029
7,7,10.281778334377,1.94113963681904,0.0125234815278647,0.150281778334377,87.6142767689418
7,6,27.8340207474066,8.58642669666292,0.0124984376952881,0.0499937507811524,63.5170603674541
8,4,5.94195646735051,1.1883912934701,0.0250187640730548,0.112584438328747,92.7320490367776
8,2,7.13034776082062,1.20090067550663,0.0125093820365274,0.0750562922191644,91.5811858894171
8,1,19.3641256728001,2.34071848792089,0.0125172111653524,0.0751032669921142,78.2075353611215
8,3,5.67171653937649,0.876424189307625,0.025040691123075,0.075122073369225,93.3516965068236
8,5,7.79610194902549,1.3368315842079,0.0124937531234383,0.0624687656171914,90.792103948026
8,7,26.1397795591182,4.08316633266533,0.0250501002004008,0.225450901803607,69.5265531062124
8,6,7.82913691594639,1.08981585869974,0,0.0876863334585995,90.9933608918953
9,4,0.0750281355508316,0.0625234462923596,0.600225084406652,0,99.2622233337502
9,2,0.162357936805295,0.0499562882477832,0.124890720619458,0,99.6627950543275
9,1,0.137396952285786,0.024981264051961,0,0,99.8376217836623
9,3,0.0749437921558831,0.0374718960779415,0.0124906320259805,0,99.8750936797402
9,5,0.0998876264202772,0.0624297665126732,0,0,99.8376826070671
9,7,0.974391005621487,0.137414116177389,0,0,98.8881948782011
9,6,0.112443778110945,0.0374812593703148,0.0249875062468766,0,99.8250874562719
10,4,0.14986886474335,0.0374672161858374,0.0124890720619458,0,99.8001748470089
10,1,0.137379792681404,0.0374672161858374,0,0,99.8251529911328
10,2,0.112471882029493,0.0624843789052737,0.274931267183204,0,99.550112471882
10,3,0.112457828314382,0.0624765712857678,0.212420342371611,0,99.6126452580282
10,5,0.124843945068664,0.0873907615480649,0.31210986267166,0,99.4756554307116
10,7,0.137431284357821,0.0749625187406297,0,0,99.7876061969015
10,6,0.149906308557152,0.0249843847595253,0,0,99.8251093066833
11,4,0.0999125764955664,0.0374672161858374,0.0124890720619458,0,99.8501311352566
11,2,0.124859533025346,0.0374578599076039,0.0124859533025346,0,99.8251966537645
11,1,0.0749718855429214,0.0124953142571536,0,0,99.9125328001999
11,3,0.137362637362637,0.04995004995005,0.0124875124875125,0,99.8001998001998
11,5,0.0749437921558831,0.0624531601299026,0.162378216337747,0,99.7002248313765
11,7,0.112429731417864,0.0624609618988132,0.18738288569644,0,99.6377264209869
11,6,0.0749625187406297,0.0749625187406297,0,0,99.8500749625187
12,4,0.0999625140572285,0.0249906285143071,0,0,99.8750468574285
12,2,0.1001627644923,0.1001627644923,3.28033053712282,0,96.5193439338926
12,1,0.137345486327881,0.0374578599076039,0,0,99.8251966537645
12,3,0.112584438328747,0.175131348511384,2.91468601451088,0.0125093820365274,96.7850888166125
12,5,0.175043760940235,0.137534383595899,2.60065016254064,0,97.0867716929232
12,7,0.187523440430054,0.275034379297412,2.27528441055132,0,97.2621577697212
12,6,0.124875124875125,0.04995004995005,0.0124875124875125,0,99.8126873126873
13,4,0.124953142571536,0.474821941771836,5.12307884543296,0.0249906285143071,94.2521554417094
13,2,0.137396952285786,0.0499625281039221,0.587059705221084,0,99.2255808143892
13,1,0.112485939257593,0.337457817772778,3.84951881014873,0.0249968753905762,95.6755405574303
13,3,0.112443778110945,0.087456271864068,0.899550224887556,0,98.9005497251374
13,5,0.0999500249875062,0.087456271864068,1.26186906546727,0,98.5507246376812
13,7,0.150394786314074,0.375986965785186,5.67740318335631,0.0250657977190124,93.7711492668254
13,6,0.162581290645323,0.250125062531266,3.46423211605803,0,96.1230615307654
14,4,0.137672090112641,0.175219023779725,3.07884856070088,0,96.6082603254068
14,2,0.0999750062484379,0.274931267183204,3.27418145463634,0,96.350912271932
14,1,0.0999125764955664,0.0249781441238916,0.0374672161858374,0,99.8376420631947
14,3,0.0998502246630055,0.374438342486271,2.78332501248128,0.0124812780828757,96.7299051422866
14,5,0.124875124875125,0.04995004995005,0,0,99.8251748251748
14,7,0.137396952285786,0.0749437921558831,0.0124906320259805,0,99.7751686235324
14,6,0.137465633591602,0.187453136715821,2.03699075231192,0.0249937515621095,97.6130967258186
15,4,0.075046904315197,0.0500312695434647,0.0125078173858662,0,99.8624140087555
15,2,0.0999125764955664,0.062445360309729,0.0124890720619458,0,99.8251529911328
15,1,0.137328339575531,0.0499375780274657,0,0,99.812734082397
15,3,0.0874453466583385,0.0499687695190506,0.0124921923797626,0,99.8500936914429
15,5,0.0999125764955664,0.0249781441238916,0,0,99.8751092793805
15,7,0.137448456828689,0.0749718855429214,0.0249906285143071,0,99.7625890291141
15,6,0.149831439630416,0.0249719066050693,0,0,99.8251966537645
16,4,0.112485939257593,0.0499937507811524,0,0,99.8375203099612
16,2,0.112401648557512,0.0249781441238916,0,0,99.8626202073186
16,1,0.112415688233825,0.024981264051961,0,0,99.8626030477142
16,3,0.149887584311766,0.0374718960779415,0,0,99.8126405196103
16,5,0.0998751560549313,0.0499375780274657,0,0,99.8501872659176
16,7,0.262434391402149,0.0749812546863284,0,0,99.6625843539115
16,6,0.0999375390381012,0.0374765771392879,0,0,99.8625858838226
17,4,0.0874781304673832,0.0374906273431642,0,0,99.8750312421895
17,2,0.0874125874125874,0.04995004995005,0,0,99.8626373626374
17,1,0.14986886474335,0.0249781441238916,0,0,99.8251529911328
17,3,0.0624531601299026,0.0499625281039221,0,0,99.8875843117662
17,5,0.0874235044336206,0.0374672161858374,0,0,99.8751092793805
17,7,0.137431284357821,0.0249875062468766,0,0,99.8375812093953
17,6,0.124890720619458,0.0499562882477832,0,0,99.8251529911328
18,4,0.0999500249875062,0.0249875062468766,0.0124937531234383,0,99.8625687156422
18,2,0.0999125764955664,0.062445360309729,0,0,99.8376420631947
18,3,0.112471882029493,0.0499875031242189,0,0,99.8375406148463
18,1,0.112429731417864,0.0374765771392879,0,0,99.8500936914429
18,7,0.212393803098451,0.087456271864068,0,0,99.7001499250375
18,5,0.112415688233825,0.0374718960779415,0.0124906320259805,0,99.8376217836623
18,6,0.137465633591602,0.0374906273431642,0,0,99.8250437390652
19,4,0.137379792681404,0.062445360309729,0,0,99.8001748470089
19,2,0.112429731417864,0.0249843847595253,0,0,99.8625858838226
19,3,0.112401648557512,0.0499562882477832,0,0,99.8376420631947
19,1,0.112415688233825,0.0374718960779415,0,0,99.8501124156882
19,7,0.149925037481259,0.0624687656171914,0,0,99.7876061969015
19,5,0.0749437921558831,0.024981264051961,0,0,99.9000749437922
19,6,0.0999125764955664,0.0499562882477832,0,0,99.8501311352566
20,4,0.137379792681404,0.0499562882477832,0,0,99.8126639190708
20,2,0.112359550561798,0.0499375780274657,0,0,99.8377028714107
20,3,0.112387612387612,0.04995004995005,0,0,99.8376623376623
20,1,0.0999000999000999,0.04995004995005,0.0124875124875125,0,99.8376623376623
20,7,0.0999750062484379,0.0624843789052737,0,0,99.8375406148463
20,5,0.112373579722812,0.0624297665126732,0,0,99.8251966537645
20,6,0.124890720619458,0.062445360309729,0,0,99.8126639190708
21,4,0.087456271864068,0.0249875062468766,0,0,99.8875562218891
21,2,0.14985014985015,0.0124875124875125,0,0,99.8376623376623
21,3,0.137379792681404,0.0249781441238916,0,0,99.8376420631947
21,1,0.112387612387612,0.0374625374625375,0,0,99.8501498501498
21,7,0.174868848363727,0.0999250562078441,0,0,99.7252060954284
21,5,0.0874016731177425,0.0624297665126732,0.0249719066050693,0,99.8251966537645
21,6,0.112387612387612,0.04995004995005,0.0374625374625375,0,99.8001998001998
22,4,0.199775252840554,0.0249719066050693,0,0,99.7752528405544
22,1,0.112471882029493,0.0499875031242189,0,0,99.8375406148463
22,2,0.137328339575531,0.0624219725343321,0,0,99.8002496878901
22,3,0.0999125764955664,0.0499562882477832,0,0,99.8501311352566
22,7,0.174868848363727,0.0624531601299026,0.0374718960779415,0,99.7252060954284
22,5,0.0874235044336206,0.0374672161858374,0,0,99.8751092793805
22,6,0.0999250562078441,0.0374718960779415,0,0,99.8626030477142
23,4,0.112401648557512,0.0374672161858374,0,0,99.8501311352566
23,1,0.0874235044336206,0.0249781441238916,0.0124890720619458,0,99.8751092793805
23,2,0.0749344323716748,0.0374672161858374,0,0,99.8875983514425
23,3,0.0749531542785759,0.0499687695190506,0,0,99.8750780762024
23,7,0.149887584311766,0.0499625281039221,0,0,99.8001498875843
23,5,0.0999375390381012,0.0249843847595253,0.0499687695190506,0,99.8251093066833
23,6,0.137379792681404,0.0499562882477832,0,0,99.8126639190708
24,4,0.162418790604698,0.0374812593703148,0.0124937531234383,0,99.7876061969015
24,1,0.0749625187406297,0.0624687656171914,0,0,99.8625687156422
24,2,0.199725377605792,0.024965672200724,0.012482836100362,0.012482836100362,99.7503432779928
24,3,0.18724254150543,0.049931344401448,0.012482836100362,0,99.7503432779928
24,7,0.149943771085843,0.0999625140572285,0.0124953142571536,0,99.7375984005998
24,5,0.124843945068664,0.0499375780274657,0.0124843945068664,0,99.812734082397
24,6,0.124890720619458,0.0499562882477832,0,0,99.8251529911328
25,4,0.3625,0.9875,0,0,98.65
25,1,0.337247064701474,0.774419185610792,0,0,98.8883337496877
25,2,0.312148832563366,0.948932450992633,0,0,98.738918716444
25,3,0.287248657424753,0.849256900212314,0,0,98.8634944423629
25,7,0.54910769998752,2.00923499313615,0,0.0124797204542618,97.4291775864221
25,5,0.23735165521549,0.649594003747658,0,0.0249843847595253,99.0880699562773
25,6,0.2375,0.8375,0,0,98.925
