moment,node,user,system,iowait,softirq,idle
1,2,0.0625078134766846,0.0375046880860107,0.0250031253906738,0,99.8749843730466
1,5,0.224719101123595,0.0499375780274657,0.0249687890137328,0,99.7003745318352
1,3,0.224831376467649,0.024981264051961,0.0124906320259805,0,99.7376967274544
1,1,0.112401648557512,0.0124890720619458,0.0124890720619458,0,99.8626202073186
1,4,0.0749157198152079,0.0249719066050693,0.0249719066050693,0,99.8751404669747
1,6,0.224775224775225,0.0374625374625375,0.024975024975025,0,99.7127872127872
1,7,0.124843945068664,0.0374531835205993,0.0249687890137328,0,99.812734082397
2,2,0.062445360309729,0.0499562882477832,0,0,99.8875983514425
2,5,0.0874125874125874,0.024975024975025,0,0,99.8876123876124
2,3,0.24981264051961,0.374718960779415,0,0.0374718960779415,99.337996502623
2,4,3.064032016008,0.925462731365683,0,0.0500250125062531,95.9604802401201
2,1,0.187265917602996,0.112359550561798,0.0124843945068664,0,99.6878901373283
2,6,0.0624375624375624,0.04995004995005,0,0.0124875124875125,99.8751248751249
2,7,0.0749531542785759,0.0249843847595253,0,0,99.9000624609619
3,2,4.26143464133967,0.862284428892777,0,0.0249937515621095,94.8512871782055
3,5,4.07449068866392,0.812398450193726,0,0.0249968753905762,95.0881139857518
3,3,4.4688553239296,0.948695543627512,0.012482836100362,0.012482836100362,94.5574834602422
3,4,12.8417356408327,0.90293453724605,0.0376222723852521,0.0125407574617507,86.2051667920742
3,1,4.4688553239296,0.861315690924978,0.012482836100362,0.037448508301086,94.619897640744
3,6,4.11301412676585,0.925115639454932,0,0.0125015626953369,94.9493686710839
3,7,3.53440739353066,1.13650555763707,0.0124890720619458,0.0374672161858374,95.2791307605845
4,2,20.0150206533984,1.62723745149581,0.325447490299161,0.0250344223307047,78.0072599824759
4,5,21.9781599096272,1.58152378561566,0.125517760763148,0.0502071043052592,76.2645914396887
4,3,20.0850425212606,1.55077538769385,0.125062531265633,0.0375187593796898,78.2016008004002
4,4,29.788838612368,2.12418300653595,0.0251382604323781,0.0251382604323781,68.0367018602313
4,1,19.4667000500751,1.72759138708062,0.0125187781672509,0.0125187781672509,78.7806710065098
4,6,20.1830262003259,1.90547824996866,0.0250720822364297,0.0250720822364297,77.8613513852325
4,7,22.035175879397,2.27386934673367,0.0251256281407035,0.050251256281407,75.6155778894472
5,2,66.4997496244367,2.36604907361042,0.0125187781672509,0.200300450676014,30.9213820731097
5,5,65.3384961279041,2.73544841368973,0.024981264051961,0.224831376467649,31.6762428178866
5,1,66.8754698070659,2.35529942370333,0.0125281884239539,0.200451014783262,30.5562515660236
5,4,90.2789941198549,3.01513824596522,0,0.450394094832979,6.25547353934693
5,3,66.4077183310362,2.56860042601178,0.275654679864679,0.22553564716201,30.5224909159253
5,6,66.0365548322484,2.47871807711567,0.0125187781672509,0.125187781672509,31.3470205307962
5,7,65.6863971968465,2.17744963083469,0.0125140783381304,0.225253410086347,31.8983856838944
6,2,60.1851851851852,2.9029029029029,0.0125125125125125,0.25025025025025,36.6491491491491
6,5,59.8873591989988,2.85356695869837,0,0.225281602002503,37.0337922403004
6,4,84.293389978758,4.37335999000375,0,0.362364113457453,10.9708859177808
6,1,59.9449587190393,2.88966725043783,0,0.225168876657493,36.9402051538654
6,3,61.5760461037334,3.01929341017289,0,0.263091956903032,35.1415685291907
6,6,59.2179471111668,2.51911267076075,0,0.150394786314074,38.1125454317584
6,7,58.6211211211211,3.46596596596597,0,0.275275275275275,37.6376376376376
7,2,57.289450631961,2.41521711925917,0,0.162683018395695,40.1326492303842
7,1,58.5481852315394,2.57822277847309,0.0125156445556946,0.175219023779725,38.6858573216521
7,3,59.9073146292585,2.79308617234469,0.0125250501002004,0.225450901803607,37.061623246493
7,5,59.4175728033996,2.87464066991626,0.0124984376952881,0.149981252343457,37.5453068366454
7,4,86.1509669369931,7.03680598877105,0,0.474111041796631,6.33811603243918
7,7,65.236963861448,2.61348005502063,0.0125046892584719,0.225084406652495,31.9119669876204
7,6,60.1200150018752,3.12539067383423,0.0125015626953369,0.225028128516065,36.5170646330791
8,2,59.6170692028532,2.21499186584908,0,0.212739331748217,37.9551995995495
8,1,60.3081162324649,2.26703406813627,0.0125250501002004,0.125250501002004,37.2870741482966
8,3,59.2041046176949,2.02728069077712,0,0.262795645100738,38.5058190464272
8,5,58.6530051230788,4.41084593277521,0,0.212420342371611,36.7237286017743
8,4,69.679919979995,18.4046011502876,0,0.275068767191798,11.6404101025256
8,6,59.5267901852779,1.99048572859289,0.0125187781672509,0.212819228843265,38.2573860791187
8,7,61.0708031023267,2.43932949712284,0,0.212659494620966,36.2772079059294
9,2,59.1852036990752,1.66208447888028,0,0.199950012496876,38.9527618095476
9,1,58.4167083541771,2.75137568784392,0.0250125062531266,0.200100050025012,38.6068034017009
9,3,60.9505941213258,2.36397748592871,0,0.187617260787992,36.4978111319575
9,5,54.9424424424424,11.0735735735736,0,0.0875875875875876,33.8963963963964
9,4,77.2732958098812,13.6085053158224,0.275171982489056,0.437773608505316,8.40525328330206
9,7,53.436834856642,11.8943282834606,0,0.2003255289846,34.4685113309127
9,6,60.0125078173859,2.06378986866792,0,0.200125078173859,37.7235772357724
10,2,31.4032016008004,1.78839419709855,0.0125062531265633,0.0250125062531266,66.7708854427214
10,1,8.63426215169311,0.187429713857304,0.262401599400225,0.0249906285143071,90.890915906535
10,5,15.1462134466383,4.49887528117971,0.0124968757810547,0.0499875031242189,80.2924268932767
10,3,8.30938398100712,0.17493439960015,0,0.0249906285143071,91.4906909908784
10,4,42.7518120469883,13.3466633341665,0,0.162459385153712,43.7390652336916
10,7,52.7343261168815,11.2001001126267,0.387936428482042,0.162683018395695,35.5149543236141
10,6,4.3956043956044,0.536963036963037,0.274725274725275,0.024975024975025,94.7677322677323
11,2,28.9838770153731,0.299962504686914,0.0124984376952881,0.0499937507811524,70.6536682914636
11,5,45.648912228057,5.23880970242561,0,0.0250062515628907,49.0872718179545
11,1,36.6729441305713,10.345260514752,0.175768989328311,0.0125549278091651,52.7934714375392
11,3,38.9660783577419,1.5771686068344,0,0.0500688446614094,59.4066841907623
11,4,35.7581069237511,10.01627644923,0.35056967572305,0.025040691123075,53.8500062601728
11,7,30.5409466566491,2.32907588279489,0.175306786877035,0.0250438266967193,66.9296268469822
11,6,28.5714285714286,0.750562922191644,0.0125093820365274,0,70.6654991243433
12,2,39.4598649662416,1.83795948987247,0.0125031257814454,0.0125031257814454,58.6771692923231
12,5,41.0625,6.1625,0,0.0125,52.7625
12,1,42.6518370407398,3.37415646088478,0.0124968757810547,0.0374906273431642,53.9240189952512
12,3,40.1649587603099,1.4621344663834,0,0,58.3729067733067
12,4,50.3125781445361,9.51487871967992,0.0125031257814454,0,40.1600400100025
12,7,53.544193024128,10.5513189148644,0,0,35.9044880610076
12,6,42.8714357178589,2.20110055027514,0,0,54.9274637318659
13,2,47.691730263981,0.262729888652571,0,0.0375328412360816,52.0080070061304
13,5,41.375,1.075,0.025,0.0125,57.5125
13,3,41.9665167416292,0.224887556221889,0.0124937531234383,0.0249875062468766,57.7711144427786
13,1,42.926768307923,1.01224693826543,0,0.0249937515621095,56.0359910022494
13,4,75.7257257257257,4.15415415415415,0,0.0500500500500501,20.0700700700701
13,7,48.862784303924,1.86203449137716,0.0249937515621095,0.0124968757810547,49.2376905773557
13,6,39.942456842632,0.225168876657493,0.0125093820365274,0.0250187640730548,59.794846134601
14,2,55.003752814611,0.162621966474856,0.0125093820365274,0.0250187640730548,44.7960970728046
14,5,56.2359410147463,0.174956260934766,0,0.0374906273431642,43.5516120969758
14,3,50.4815509693558,0.125078173858662,0.0125078173858662,0.0125078173858662,49.3683552220138
14,1,56.4022485946284,0.312304809494066,0.0124921923797626,0.0249843847595253,43.2479700187383
14,4,88.461057632204,0.437554694336792,0,0.0375046880860107,11.0638829853732
14,7,53.15270320889,0.174803346235485,0.0124859533025346,0.0249719066050693,46.6350355849669
14,6,50.1811820567287,0.137448456828689,0.0249906285143071,0.0249906285143071,49.631388229414
15,2,52.6664168852254,0.362183089796428,0.0249781441238916,0.0874235044336206,46.8589983764206
15,5,46.3277541843617,0.374718960779415,0.0124906320259805,0.0749437921558831,53.210092430677
15,1,50.0749250749251,0.337162837162837,0,0.04995004995005,49.537962037962
15,3,46.7943901828199,0.288004007012271,0.0125219133483596,0.0626095667417981,52.8424743300776
15,4,73.9772300763168,0.525459777305142,0,0.100087576629551,25.3972225697485
15,6,41.2817624233321,0.325447490299161,0,0.0375516334960571,58.3552384528727
15,7,48.1435179397425,0.362545318164771,0.0500062507813477,0.0750093761720215,51.3689211151394
16,2,54.4158118588942,0.150112584438329,0.0500375281461096,0.0375281461095822,45.3465098824118
16,5,47.465034965035,0.187312687312687,0.0124875124875125,0.04995004995005,52.2852147852148
16,3,51.2759569677258,0.175131348511384,0.0125093820365274,0.0250187640730548,48.5113835376532
16,4,77.5346918364796,0.48756094511814,0.0250031253906738,0.0375046880860107,21.9152394049256
16,1,49.025974025974,0.24975024975025,0.024975024975025,0.04995004995005,50.6493506493507
16,6,46.9354637373611,0.137311197103982,0.024965672200724,0.049931344401448,52.8523280489327
16,7,51.993002624016,0.512307884543296,0.0124953142571536,0.0124953142571536,47.4696988629264
