moment,node,user,system,iowait,softirq,idle
1,2,0.187593796898449,0.0375187593796898,0.437718859429715,0,99.3371685842921
1,3,0.0999625140572285,0.0374859427714607,0.0124953142571536,0,99.8500562289142
1,5,0.0874344241818636,0.024981264051961,0.024981264051961,0,99.8626030477142
1,4,0.112443778110945,0.0249875062468766,0,0,99.8625687156422
1,1,0.149906308557152,0.0249843847595253,0.0249843847595253,0,99.8001249219238
1,6,0.0749437921558831,0.0124906320259805,0.024981264051961,0,99.8875843117662
1,7,0.199875078076202,0.0249843847595253,0.0124921923797626,0,99.7626483447845
2,2,0.0374718960779415,0.0374718960779415,0.0124906320259805,0,99.9125655758181
2,3,3.35083770942736,0.787696924231058,0.0250062515628907,0.0125031257814454,95.8239559889973
2,5,0.199850112415688,0.324756432675493,0.24981264051961,0.0499625281039221,99.1756182862853
2,4,0.174912543728136,0.0999500249875062,0,0.0124937531234383,99.7126436781609
2,1,0.0749437921558831,0,0.0124906320259805,0,99.9125655758181
2,6,0.3875,0.2875,0.0125,0.0625,99.25
2,7,0.112429731417864,0.0374765771392879,0,0,99.8500936914429
3,2,4.94814444583281,0.887167312257903,0,0.0374859427714607,94.1272022991378
3,4,4.74461692538808,0.901352028042063,0.0125187781672509,0.0500751126690035,94.2914371557336
3,3,12.9032258064516,1.01275318829707,0,0.0125031257814454,86.0715178794699
3,1,4.43386773547094,0.914328657314629,0,0.062625250501002,94.5891783567134
3,5,4.78570536048982,0.987129826315132,0,0.0249906285143071,94.2021741846807
3,6,4.95247623811906,1.02551275637819,0,0.0250125062531266,93.9969984992496
3,7,4.6351824087956,1.06196901549225,0.0124937531234383,0.0249875062468766,94.2653673163418
4,2,18.5546386596649,1.53788447111778,0.0125031257814454,0.0125031257814454,79.8824706176544
4,1,20.0902934537246,1.58013544018059,0.137948332079258,0.0376222723852521,78.1540005016303
4,3,30.6534554120156,2.33287344788662,0.0376269910949454,0.0501693214599273,66.925874827543
4,4,18.8149818364024,1.54077414505825,0.0125266190655142,0.0250532381310284,79.6066641613428
4,5,17.6830792301925,1.54961259685079,0.0249937515621095,0.0249937515621095,80.7173206698325
4,6,20.4340190667336,1.7059708981435,0.0125439036628199,0.0376317109884596,77.8098344204716
4,7,22.0943325409734,1.87664206180408,0.0250218941573877,0.0250218941573877,75.9789816089078
5,2,65.1721978710081,2.49217282404508,0.0125234815278647,0.212899185973701,32.1102066374452
5,1,66.4705145862026,2.71691498685364,0.0375610366846125,0.15024414673845,30.6247652435207
5,3,91.0399199098986,2.99086472281316,0,0.362908271805782,5.60630709548242
5,4,66.2201076749718,2.55415049455365,0.025040691123075,0.212845874546137,30.9878552648053
5,5,65.0469630557295,2.44207889793363,0.0250469630557295,0.150281778334377,32.3356293049468
5,6,66.1698396793587,2.60521042084168,0.0125250501002004,0.162825651302605,31.0495991983968
5,7,67.1757636454682,2.95443164747121,0,0.125187781672509,29.7446169253881
6,2,59.0573821727716,2.92536567070884,0,0.237529691211401,37.7797224653082
6,1,59.2194145609207,2.40180135101326,0,0.237678258694021,38.141105829372
6,4,58.0225281602003,2.91614518147685,0,0.312891113892365,38.7484355444305
6,3,81.9047619047619,3.7593984962406,0,0.363408521303258,13.9724310776942
6,5,59.1369606003752,2.73921200750469,0,0.212632895559725,37.9111944965603
6,6,60.6887914840326,2.54226675015654,0,0.187852222917971,36.5810895428929
6,7,59.1432865731463,3.1437875751503,0,0.250501002004008,37.4624248496994
7,2,49.9749874937469,2.7263631815908,0,0.100050025012506,47.1985992996498
7,1,35.6830396200475,1.99975003124609,0,0.0624921884764404,62.25471816023
7,3,90.6883604505632,3.20400500625782,0.0125156445556946,0.450563204005006,5.64455569461827
7,4,37.6125,1.4125,0.0125,0.075,60.8875
7,5,34.925,0.8875,0.0125,0.075,64.1
7,6,44.8625,2.2125,0.0375,0.2375,52.65
7,7,60.7830873154866,2.68951713785339,0.0250187640730548,0.225168876657493,36.2772079059294
8,2,9.90990990990991,0.1001001001001,0,0.0125125125125125,89.9774774774775
8,1,10.8622199974972,0.100112626705043,0.0250281566762608,0.0125140783381304,89.0001251407834
8,3,39.4591887831748,2.26589884827241,0,0.0375563345017526,58.2373560340511
8,4,19.4302136698738,0.937148569286518,0,0.0124953142571536,79.6201424465825
8,5,25.8698372966208,1.98998748435544,0.125156445556946,0.0625782227784731,71.9524405506884
8,6,11.5100713123983,0.100087576629551,0,0,88.3898411109721
8,7,25.6560859785054,1.19970007498125,0,0.0249937515621095,73.1192201949513
9,2,48.3422995120731,1.87664206180408,0.0125109470786939,0.0375328412360816,49.7310146378081
9,1,47.3953778888195,1.99875078076202,0.0124921923797626,0.0374765771392879,50.5559025608994
9,3,78.8625,2.25,0,0.0625,18.825
9,4,47.8934866858357,1.6252031503938,0.0125015626953369,0.0250031253906738,50.4438054756845
9,5,48.5485485485485,1.61411411411411,0.0125125125125125,0.0125125125125125,49.8123123123123
9,6,48.3741870935468,1.76338169084542,0.100050025012506,0.087543771885943,49.6748374187094
9,7,52.356544568071,1.91273909238655,0.275034379297412,0.0375046880860107,45.418177272159
10,2,51.6431338248157,0.52480319880045,0.162439085342996,0.0374859427714607,47.6321379482694
10,1,51.2871782054486,0.262434391402149,0.0249937515621095,0.0124968757810547,48.412896775806
10,3,85.1532207629769,0.963101938711695,0,0.0125078173858662,13.8711694809256
10,4,49.5060647742904,0.675253219957484,0.575215705889709,0.0250093785169439,49.2184569213455
10,5,49.9687695190506,0.624609618988132,0.262336039975016,0.0374765771392879,49.106808244847
10,6,52.5165480204821,0.499562882477832,0.524541026601724,0.0249781441238916,46.4343699263145
10,7,54.0347804328788,0.775678718879019,0.0125109470786939,0.0125109470786939,45.1645189540848
11,1,35.8948685857322,0.350438047559449,0.0125156445556946,0.0625782227784731,63.6795994993742
11,2,39.9824693213123,0.32556974705735,0,0.0626095667417981,59.6293513648886
11,3,80.0450676014021,0.450676014021032,0.0125187781672509,0.0625938908362544,19.4291437155734
11,5,35.2735010639629,0.200275378645638,0,0.0500688446614094,64.47615471273
11,4,34.1314378351415,0.361641102381843,0.0124703828407532,0.0249407656815064,65.4695099139544
11,6,33.9267803410231,0.363590772316951,0,0.0626880641925777,65.6469408224674
11,7,44.2536658729164,0.350921168066174,0.0125328988595062,0.0250657977190124,55.3578142624389
12,1,44.0974391005621,0.624609618988132,0.0124921923797626,0.0249843847595253,55.2404747033104
12,3,85.3835565010637,0.675760230259041,0,0.0375422350143912,13.9031410336629
12,2,47.3348348348348,0.387887887887888,0.0125125125125125,0,52.2647647647648
12,5,44.511202903993,0.175240956314933,0.0125172111653524,0.0125172111653524,55.2885217173614
12,4,47.03824043989,0.187453136715821,0.0249937515621095,0.0249937515621095,52.7243189202699
12,6,47.1205496564647,0.774515927545284,0.0124921923797626,0.0749531542785759,52.0174890693317
12,7,51.6447779862414,0.450281425891182,0.0125078173858662,0.0125078173858662,47.8799249530957
